cmd: ./target/release/rustgc
events: Ir
fl=./csu/../csu/libc-start.c
fn=__libc_start_main@@GLIBC_2.34
128 2
134 3
135 7
138 1
139 2
142 3
143 2
144 16
145 8
242 13
311 3
312 3
337 6
340 2
343 2
350 2
352 2
360 4
fl=./csu/../sysdeps/nptl/libc_start_call_main.h
fn=(below main)
29 9
44 3
46 2
51 2
52 2
55 2
58 6
74 2
fl=./csu/./csu/errno-loc.c
fn=__errno_location
25 3
26 6
27 3
fl=./csu/./csu/init-first.c
fn=_init_first
46 6
51 2
55 5
61 1
62 1
63 2
71 2
72 3
fl=./ctype/./ctype/ctype-info.c
fn=__ctype_init
29 1
31 7
33 4
35 4
36 1
fl=./debug/../sysdeps/x86_64/multiarch/ifunc-memmove.h
fn=__memcpy_chk
56 2
57 3
60 3
61 2
74 2
77 2
85 2
93 2
96 5
fn=__memmove_chk
56 2
57 3
60 3
61 2
74 2
77 2
85 2
93 2
96 5
fn=__mempcpy_chk
56 2
57 3
60 3
61 2
74 2
77 2
85 2
93 2
96 5
fl=./debug/../sysdeps/x86_64/multiarch/ifunc-memset.h
fn=__memset_chk
54 5
57 3
58 2
64 2
73 2
75 2
85 2
93 2
96 5
fl=./debug/../sysdeps/x86_64/multiarch/memcpy_chk.c
fn=__memcpy_chk
29 1
fl=./debug/../sysdeps/x86_64/multiarch/memmove_chk.c
fn=__memmove_chk
29 1
fl=./debug/../sysdeps/x86_64/multiarch/mempcpy_chk.c
fn=__mempcpy_chk
29 1
fl=./debug/../sysdeps/x86_64/multiarch/memset_chk.c
fn=__memset_chk
29 1
fl=./elf/../bits/stdlib-bsearch.h
fn=intel_check_word.constprop.0
27 96
28 48
29 744
31 648
32 348
35 264
37 120
fl=./elf/../elf/dl-tls.c
fn=_dl_add_to_slotinfo
1017 27
1023 3
1026 3
1027 3
1031 9
1065 6
1068 6
1069 9
1072 18
fn=_dl_allocate_tls_init
523 11
524 2
528 2
531 1
534 2
537 3
549 1
554 27
560 9
563 9
564 6
570 9
571 6
573 24
576 6
577 6
580 6
581 12
583 6
584 6
593 3
601 6
603 30
609 3
615 2
618 2
621 9
fn=_dl_allocate_tls_storage
365 1
369 1
370 1
371 2
374 1
380 2
417 7
419 1
430 1
431 1
432 2
440 6
441 1
445 305
464 1
470 7
fn=_dl_assign_tls_modid
125 8
128 4
141 2
181 2
183 2
186 2
187 4
fn=_dl_count_modids
192 1
194 2
195 1
210 2
fn=_dl_determine_tlsoffset
216 9
217 1
218 1
219 1
222 4
225 2
259 1
261 25
263 9
265 9
266 6
268 6
270 15
281 3
286 24
288 6
289 3
294 3
301 1
302 7
304 2
354 1
355 8
fn=_dl_tls_static_surplus_init
83 3
97 8
100 6
101 5
102 3
104 4
107 1
109 1
111 3
112 6
fl=./elf/../include/list.h
fn=__tls_init_tp
43 2
44 2
45 1
47 1
fl=./elf/../include/rtld-malloc.h
fn=__minimal_calloc
56 10
fn=_dl_allocate_tls_storage
44 2
56 1
fn=_dl_check_map_versions
44 12
fn=_dl_find_object_init
56 2
fn=_dl_important_hwcaps
56 4
fn=_dl_init_paths
56 5
fn=_dl_map_object_deps
56 8
fn=_dl_new_object
44 12
56 9
fn=fillin_rpath.isra.0
50 2
51 1
56 2
fn=init_tls
44 2
fl=./elf/../include/scratch_buffer.h
fn=_dl_map_object_deps
77 2
78 1
85 3
131 12
fl=./elf/../misc/sbrk.c
fn=sbrk
37 6
40 1
58 2
62 2
78 5
fl=./elf/../nptl/nptl-stack.h
fn=__libc_early_init
61 8
fl=./elf/../sysdeps/generic/_itoa.h
fn=_dl_check_map_versions
76 18
fl=./elf/../sysdeps/generic/dl-cache.h
fn=_dl_load_cache_lookup
125 2
194 1
195 5
fl=./elf/../sysdeps/generic/dl-call_tls_init_tp.h
fn=init_tls
31 8
33 1
fl=./elf/../sysdeps/generic/dl-debug.h
fn=dl_main
29 4
30 1
fl=./elf/../sysdeps/generic/dl-hash.h
fn=__rtld_malloc_init_real
43 1
44 1
45 19
48 18
62 24
67 1
72 1
fl=./elf/../sysdeps/generic/dl-new-hash.h
fn=_dl_lookup_symbol_x
69 166
70 332
74 1257
77 2514
80 1168
81 2336
87 77
88 77
89 154
90 77
99 1091
101 1091
102 2182
104 1091
105 1091
fl=./elf/../sysdeps/generic/dl-protected.h
fn=do_lookup_x
29 624
fl=./elf/../sysdeps/generic/ldsodefs.h
fn=_dl_relocate_object
79 43
140 507
fn=_dl_start
79 6
fn=do_lookup_x
139 312
140 468
fl=./elf/../sysdeps/nptl/dl-mutex.c
fn=__rtld_mutex_init
30 7
37 1
40 7
44 2
45 9
47 6
51 2
52 7
53 6
fl=./elf/../sysdeps/nptl/dl-tls_init_tp.c
fn=__tls_init_tp
68 5
69 1
72 1
75 4
76 2
77 1
82 2
87 4
90 1
93 3
105 4
121 3
128 2
129 3
fn=__tls_pre_init_tp
53 3
56 10
61 2
62 1
64 1
fn=rtld_mutex_dummy
42 10
44 20
fl=./elf/../sysdeps/nptl/pthread_early_init.h
fn=__libc_early_init
33 6
34 1
38 5
45 2
46 1
48 2
52 5
53 1
54 1
56 1
fl=./elf/../sysdeps/posix/dl-fileid.h
fn=_dl_map_object_from_fd
37 12
40 12
49 24
fl=./elf/../sysdeps/unix/sysv/linux/brk.c
fn=brk
36 1
37 1
38 2
44 1
45 1
fl=./elf/../sysdeps/unix/sysv/linux/brk_call.h
fn=brk
24 2
fl=./elf/../sysdeps/unix/sysv/linux/dl-osinfo.h
fn=dl_main
39 2
52 1
fl=./elf/../sysdeps/unix/sysv/linux/dl-parse_auxv.h
fn=_dl_sysdep_parse_arguments
32 2
33 1
34 1
41 93
42 44
43 44
45 1
46 2
47 2
48 2
49 1
51 2
52 2
53 2
54 2
56 2
fl=./elf/../sysdeps/unix/sysv/linux/dl-sysdep.c
fn=_dl_sysdep_parse_arguments
78 7
79 2
80 2
81 3
82 65
83 133
86 2
90 56
93 5
94 2
95 3
96 6
fn=_dl_sysdep_start
102 6
103 1
106 2
110 2
113 1
115 2
122 3
123 2
125 5
137 3
140 5
143 4
fn=_dl_sysdep_start_cleanup
147 1
148 1
fl=./elf/../sysdeps/unix/sysv/linux/dl-vdso-setup.h
fn=dl_main
30 1
33 1
36 1
39 1
45 1
fl=./elf/../sysdeps/unix/sysv/linux/dl-vdso.h
fn=dl_main
40 2
41 5
55 2
fl=./elf/../sysdeps/unix/sysv/linux/rseq-internal.h
fn=__tls_init_tp
32 3
34 7
37 2
40 1
fl=./elf/../sysdeps/unix/sysv/linux/x86/dl-hwcap2.h
fn=update_active.constprop.0
25 2
fl=./elf/../sysdeps/unix/sysv/linux/x86/dl-minsigstacksize.h
fn=get_common_indices.constprop.0
24 2
27 2
28 2
65 3
72 1
74 1
fl=./elf/../sysdeps/x86/cpu-features.c
fn=get_common_indices.constprop.0
398 3
402 4
405 5
409 1
410 4
411 4
412 4
413 3
414 2
421 2
423 9
428 8
435 2
436 7
442 2
457 3
fn=init_cpu_features.constprop.0
376 3
377 2
378 6
383 2
384 6
389 2
390 7
682 8
685 1
686 1
687 1
690 1
699 3
702 6
703 1
706 2
708 6
713 1
715 3
717 9
721 7
774 3
781 2
799 1
832 2
866 4
869 2
870 1
878 2
885 2
887 2
891 2
897 2
899 1
1001 3
1002 2
1005 2
1006 2
1012 1
1013 1
1014 1
1015 2
1019 4
1022 4
1028 3
1041 2
1042 4
1081 1
1082 2
1086 3
1103 2
1104 2
1106 3
1107 2
1109 3
1110 2
1113 2
1127 4
1129 4
1135 4
1142 8
fn=update_active.constprop.0
72 8
76 1
84 3
85 3
86 1
94 4
95 1
103 4
104 1
109 4
112 4
113 1
116 5
117 2
121 5
122 3
123 3
124 2
128 5
129 5
130 3
132 2
133 4
147 2
151 7
152 4
154 3
158 4
161 1
164 2
166 2
170 1
171 1
178 4
180 5
186 4
188 5
190 4
195 5
244 3
245 3
261 4
277 2
281 2
282 1
285 4
289 2
293 3
294 2
296 1
297 1
300 2
302 1
305 2
356 5
360 3
369 1
370 8
fl=./elf/../sysdeps/x86/dl-cacheinfo.h
fn=get_common_cache_info.constprop.0
571 11
586 1
587 1
588 2
589 1
590 2
596 3
598 7
601 2
613 1
618 3
622 2
627 5
630 24
637 8
640 26
645 2
649 3
650 2
654 2
658 3
661 4
662 1
667 4
673 4
681 6
683 2
685 4
687 12
689 1
690 1
691 9
693 4
696 7
701 1
703 4
704 3
705 1
708 2
711 2
718 1
720 4
721 1
726 2
731 2
732 1
733 2
734 1
759 3
770 5
771 5
775 2
782 1
783 2
784 1
785 7
fn=handle_intel.constprop.0
250 108
255 24
261 12
262 12
267 48
271 24
276 24
279 60
281 24
284 60
286 24
305 96
fn=init_cpu_features.constprop.0
792 1
793 1
795 1
809 2
811 3
812 3
813 3
814 2
817 3
819 3
820 2
822 3
824 3
825 1
827 3
829 3
830 2
832 3
834 3
836 3
838 5
894 2
895 2
896 2
897 2
898 2
899 2
900 1
901 1
902 1
903 1
904 1
905 1
907 1
910 3
924 3
925 7
930 2
931 6
932 2
939 3
959 6
968 2
969 2
974 12
987 5
995 7
997 2
1000 5
1002 2
1005 5
1006 5
1010 6
1011 3
1017 7
1020 11
1021 10
1022 13
1025 10
1027 10
1040 4
1042 2
1043 2
1044 1
1045 1
1046 1
1047 1
fn=intel_check_word.constprop.0
110 648
113 324
119 216
123 48
125 12
129 120
131 144
133 60
135 120
143 120
152 12
155 138
158 99
162 58
164 189
167 120
168 72
169 60
170 48
172 11
174 22
176 12
177 16
178 12
179 20
180 14
181 12
183 8
184 12
187 21
190 2
194 192
202 168
216 48
246 144
fl=./elf/../sysdeps/x86/dl-get-cpu-features.c
fn=__x86_cpu_features
39 3
71 3
fn=_dl_x86_init_cpu_features
37 1
39 3
41 1
fl=./elf/../sysdeps/x86/dl-isa-level.h
fn=_dl_load_cache_lookup
28 12
fl=./elf/../sysdeps/x86/dl-procinfo.h
fn=_dl_load_cache_lookup
39 4
42 14
fl=./elf/../sysdeps/x86/dl-prop.h
fn=_dl_map_object_from_fd
149 12
fn=_dl_process_pt_gnu_property
95 16
102 8
115 8
118 4
252 2
253 1
254 6
255 3
257 16
258 2
260 4
fn=dl_main
36 2
37 18
40 8
49 28
53 23
71 2
149 4
235 2
236 1
fl=./elf/../sysdeps/x86/get-isa-level.h
fn=_dl_hwcaps_subdirs_active
30 4
31 1
32 3
36 3
39 4
40 4
45 4
48 2
51 5
53 4
54 2
55 2
58 4
fn=update_active.constprop.0
28 1
30 4
31 1
32 3
36 3
38 1
39 2
40 4
45 4
47 1
48 2
51 5
53 4
54 2
55 2
57 1
58 4
fl=./elf/../sysdeps/x86_64/dl-cet.c
fn=_dl_cet_check
275 2
276 1
277 2
282 4
283 3
285 2
293 5
361 8
363 6
fn=_dl_cet_setup_features
331 1
334 2
350 1
fl=./elf/../sysdeps/x86_64/dl-hwcaps-subdirs.c
fn=_dl_hwcaps_subdirs_active
29 1
38 3
43 1
48 1
52 1
fl=./elf/../sysdeps/x86_64/dl-machine.h
fn=_dl_relocate_object
81 22
87 4
91 3
97 1
108 3
129 2
132 2
134 4
267 370
274 370
278 370
287 1743
290 381
291 94
292 700
295 10
296 15
307 10
314 25
317 1110
320 18
323 18
346 2
347 3
393 25
400 48
402 64
406 48
415 32
423 339
436 7
476 94
478 47
479 47
498 2130
499 710
503 1420
504 1420
514 114
518 114
521 171
522 57
730 10
734 6
fn=_dl_start
55 1
278 9
287 27
290 6
291 12
317 8
323 2
fn=_dl_sysdep_start
220 1
fl=./elf/./dl-find_object.h
fn=_dl_find_object_from_map
95 10
96 10
97 5
103 25
104 145
105 100
107 15
112 5
fl=./elf/./dl-hwcaps.h
fn=_dl_important_hwcaps
43 9
45 7
46 1
77 8
78 8
79 7
fl=./elf/./dl-load.h
fn=_dl_map_object_from_fd
91 24
92 8
93 10
94 8
96 8
fl=./elf/./dl-main.h
fn=dl_main
109 5
fl=./elf/./dl-map-segments.h
fn=_dl_map_object_from_fd
28 9
29 27
81 3
101 3
102 9
105 9
106 6
108 6
125 3
135 72
137 36
139 90
149 48
155 6
156 3
157 9
158 6
160 6
165 6
168 9
176 21
182 6
186 8
189 2
194 12
fl=./elf/./dl-sym-post.h
fn=lookup_malloc_symbol
41 8
53 12
fl=./elf/./dl-tunable-types.h
fn=__GI___tunable_set_val
84 5
fl=./elf/./elf/dl-audit.c
fn=_dl_audit_activity_map
29 7
30 1
31 3
37 6
fn=_dl_audit_activity_nsid
41 3
45 12
46 3
47 15
fn=_dl_audit_objclose
97 5
98 20
fn=_dl_audit_objopen
77 3
78 12
fn=_dl_audit_preinit
118 1
119 4
fl=./elf/./elf/dl-cache.c
fn=_dl_cache_libcmp
357 36
358 212
360 285
362 99
368 8
369 6
370 85
372 85
374 4
380 186
382 186
383 48
386 77
387 77
390 24
fn=_dl_load_cache_lookup
191 32
205 2
208 16
210 20
211 4
213 10
220 38
222 100
223 32
227 48
231 48
232 32
240 8
242 4
245 4
247 12
249 2
259 4
269 6
270 8
286 14
295 4
298 4
301 2
302 6
330 4
346 14
347 8
349 6
403 20
405 4
408 6
411 5
419 5
420 8
423 6
424 1
431 1
432 2
477 3
482 6
485 6
500 4
512 6
513 30
514 8
515 2
516 16
fn=_dl_unload_cache
525 3
526 4
528 2
529 1
533 1
535 2
fl=./elf/./elf/dl-call-libc-early-init.c
fn=_dl_call_libc_early_init
27 7
29 2
33 5
37 2
39 4
40 2
41 3
fl=./elf/./elf/dl-call_fini.c
fn=_dl_call_fini
24 40
28 10
32 5
34 5
35 10
38 6
39 9
42 28
43 4
47 5
48 10
49 9
50 27
fl=./elf/./elf/dl-catch.c
fn=_dl_catch_error
254 12
256 2
257 2
258 2
259 2
261 6
fn=_dl_catch_exception
58 21
59 14
69 14
70 35
204 56
207 14
214 7
228 7
229 14
235 42
237 21
239 28
248 21
fn=_dl_receive_error
58 2
59 1
69 2
70 2
186 7
188 1
192 1
194 1
197 1
198 4
fl=./elf/./elf/dl-debug.c
fn=_dl_debug_initialize
56 3
57 1
59 2
61 2
63 3
64 1
85 3
90 3
91 2
92 1
95 3
96 6
99 2
107 2
fn=_dl_debug_state
116 2
117 2
fn=_dl_debug_update
38 4
40 8
41 4
44 8
48 4
fl=./elf/./elf/dl-deps.c
fn=_dl_map_object_deps
128 3
129 5
130 6
132 3
136 8
143 13
144 20
160 9
161 1
164 1
182 1
183 6
184 1
188 11
190 17
193 5
197 15
198 32
201 12
205 6
208 18
210 12
215 3
216 3
217 6
218 6
219 3
221 361
222 170
228 59
230 6
232 24
233 12
242 6
244 12
249 21
252 3
253 3
254 3
255 6
256 3
257 3
259 12
263 18
264 9
266 237
417 10
419 15
422 6
423 12
429 3
430 15
431 15
434 3
435 6
439 15
441 5
442 22
448 5
449 1
452 4
463 5
465 4
470 5
471 1
472 2
474 19
478 5
483 10
485 15
490 5
494 2
495 3
532 2
533 2
547 9
552 9
553 5
557 1
559 2
560 1
561 3
568 3
571 2
574 8
fn=openaux
61 36
64 66
65 6
68 6
69 18
fl=./elf/./elf/dl-environ.c
fn=_dl_next_ld_env_entry
28 3
29 3
32 199
34 130
35 18
37 2
40 4
42 2
45 63
fl=./elf/./elf/dl-find_object.c
fn=_dl_find_object_init
561 5
564 1
566 2
567 3
579 2
580 3
582 2
585 2
590 1
591 1
594 3
596 2
599 6
601 1
604 4
fn=_dlfo_process_initial
474 8
475 2
477 2
478 4
504 24
505 26
506 10
508 36
511 32
513 24
515 8
516 8
517 16
529 2
531 8
fn=_dlfo_sort_mappings
536 1
537 2
540 16
544 6
545 33
546 30
548 3
549 3
553 12
554 15
555 6
557 1
fl=./elf/./elf/dl-fini.c
fn=_dl_fini
26 11
43 1
46 13
49 2
51 1
54 2
56 5
61 1
63 4
68 18
73 19
75 10
77 10
79 10
80 5
81 5
85 5
87 6
88 6
94 6
103 2
108 31
110 5
112 10
114 20
117 10
122 5
126 5
132 6
134 1
138 2
145 8
fl=./elf/./elf/dl-hwcaps.c
fn=_dl_important_hwcaps
52 16
54 2
55 4
56 2
57 2
77 16
80 16
84 2
86 6
87 2
88 2
100 5
102 3
105 1
108 1
112 5
125 12
127 10
128 4
129 4
130 2
133 3
142 13
143 11
145 8
151 5
155 4
156 3
157 3
161 1
162 2
163 2
172 14
174 2
175 3
185 2
186 3
189 3
193 2
194 2
201 1
202 5
208 2
209 1
213 3
216 9
fl=./elf/./elf/dl-hwcaps_split.c
fn=_dl_hwcaps_split
25 5
26 3
27 1
47 4
fn=_dl_hwcaps_split_masked
26 44
30 24
34 78
35 12
36 24
41 36
42 18
43 12
45 6
51 110
55 5
56 18
57 27
58 24
60 6
62 88
67 12
fl=./elf/./elf/dl-init.c
fn=_dl_init
29 12
35 30
37 31
81 13
82 1
83 1
86 3
89 2
94 4
119 1
120 24
121 10
127 8
fn=call_init.part.0
26 60
43 15
46 15
47 2
51 8
59 12
60 12
63 4
64 8
70 9
72 6
73 35
74 20
76 40
fl=./elf/./elf/dl-load.c
fn=_dl_dst_count
238 54
241 12
244 12
245 6
264 54
fn=_dl_init_paths
706 13
720 4
725 1
727 3
734 3
735 2
739 4
741 4
747 1
748 1
756 8
758 8
759 4
761 5
762 7
763 4
766 13
767 10
768 18
770 32
776 1
777 1
782 1
785 3
787 4
789 3
806 1
808 3
822 2
825 5
827 23
831 2
832 60
833 14
834 28
836 1
837 1
838 2
844 6
847 3
853 1
857 8
fn=_dl_map_object
682 20
696 10
1967 84
1969 3
1975 14
1976 28
1979 125
1984 140
1986 100
1990 32
1991 48
1994 30
1995 18
1996 30
2010 12
2011 9
2019 9
2034 3
2036 15
2040 8
2042 4
2049 8
2053 2
2054 2
2058 6
2059 2
2073 10
2074 14
2075 2
2084 4
2099 4
2100 32
2106 6
2107 2
2115 2
2129 4
2131 6
2135 6
2137 4
2141 4
2149 4
2172 18
2176 6
2177 2
2194 4
2200 1
2201 4
2202 2
2203 2
2207 9
2210 3
2222 12
2267 6
2268 52
2270 66
fn=_dl_map_object_from_fd
944 42
959 12
989 48
990 18
1008 6
1036 12
1046 6
1053 24
1054 6
1065 6
1066 9
1067 6
1069 9
1070 12
1071 4
1074 17
1075 6
1086 3
1088 3
1090 66
1091 3
1092 3
1093 3
1094 3
1100 129
1101 312
1107 6
1114 8
1115 9
1116 30
1121 2
1122 1
1127 93
1135 60
1136 78
1137 60
1138 12
1139 24
1141 84
1143 24
1156 24
1157 45
1162 12
1163 123
1176 6
1180 8
1181 2
1185 10
1186 4
1189 2
1194 8
1209 6
1210 3
1213 9
1218 21
1228 57
1229 24
1235 6
1245 12
1252 21
1264 3
1268 12
1269 9
1275 8
1276 6
1278 6
1288 9
1307 9
1309 18
1361 9
1362 4
1368 104
1369 173
1375 49
1380 12
1393 6
1395 12
1397 6
1413 6
1417 6
1418 6
1435 6
1436 1
1439 6
1444 6
1449 6
1461 24
1462 9
1463 18
1464 6
1465 5
1471 6
1472 8
1477 4
1484 9
1487 6
1491 9
1492 9
1510 6
1514 21
1515 12
1519 27
fn=_dl_process_pt_gnu_property
868 9
869 6
870 3
876 6
882 15
885 9
886 6
887 6
890 9
891 9
895 3
896 6
900 8
901 4
904 8
907 4
908 16
918 9
920 12
fn=expand_dynamic_string_token
241 6
244 4
385 20
399 4
410 14
fn=fillin_rpath.isra.0
468 17
472 1
474 12
481 2
483 6
487 2
492 3
493 2
500 5
505 2
509 15
510 8
528 4
532 4
534 2
538 1
539 2
540 4
541 1
543 2
549 4
550 14
551 4
553 2
554 3
555 1
561 2
562 1
565 3
571 1
574 8
fn=open_path
1812 22
1813 4
1816 2
1817 2
1819 4
1822 4
1824 44
1827 4
1831 2
1835 12
1842 12
1843 44
1846 12
1851 44
1854 8
1860 12
1863 32
1865 12
1867 6
1872 6
1873 21
1879 9
1881 22
1882 2
1884 3
1891 22
1893 7
1937 16
1941 2
1943 8
1946 6
1960 18
fn=open_verify.constprop.0
1572 84
1604 21
1609 8
1623 35
1625 14
1633 3
1634 9
1639 18
1641 6
1643 6
1645 6
1651 6
1668 42
1749 6
1754 6
1760 12
1766 6
1772 12
1773 12
1777 16
1778 5
1799 63
fl=./elf/./elf/dl-lookup-direct.c
fn=_dl_lookup_direct
32 15
33 9
35 6
36 6
48 9
51 6
53 21
57 9
58 21
59 15
74 39
76 6
78 21
79 6
81 12
84 25
86 12
93 6
115 3
116 27
fl=./elf/./elf/dl-lookup.c
fn=_dl_lookup_symbol_x
772 2158
774 332
775 664
778 166
782 640
785 332
787 332
791 2374
792 2822
797 830
799 60
816 166
817 30
820 332
821 1076
828 196
856 624
870 468
871 2
873 312
890 624
892 1494
fn=check_match
70 2370
73 1264
78 4
86 790
89 880
93 158
94 316
96 312
115 312
116 1248
117 770
118 4
119 4
144 4
146 12
147 8
161 156
162 1264
fn=do_lookup_x
347 2324
348 166
353 166
354 166
358 1362
361 1362
365 1694
386 1362
390 1362
396 2043
400 681
401 681
404 3405
405 2043
408 681
409 1362
411 681
412 498
413 1362
415 1162
416 2724
419 4767
422 316
423 474
424 316
426 312
429 1760
431 474
432 3928
433 316
436 474
439 592
461 1248
476 312
483 1116
487 99
499 312
500 156
501 156
518 1575
521 10
522 1328
fl=./elf/./elf/dl-minimal-malloc.c
fn=__minimal_calloc
80 50
84 10
87 10
88 30
fn=__minimal_free
97 1
99 4
fn=__minimal_malloc
36 232
37 87
42 3
43 2
44 2
48 115
51 195
56 8
57 8
59 2
60 16
62 4
64 8
65 6
67 6
70 29
71 31
73 174
fl=./elf/./elf/dl-minimal.c
fn=__rtld_malloc_init_real
76 10
86 2
87 1
89 1
91 6
92 5
93 5
94 4
99 1
100 1
101 1
102 1
103 8
fn=__rtld_malloc_init_stubs
42 1
43 2
44 2
45 2
46 2
47 1
fn=lookup_malloc_symbol
61 36
63 4
64 28
68 28
69 28
71 4
72 24
fn=strsep
239 2
242 4
244 2
245 4
247 2
249 47
251 28
254 56
256 84
264 14
267 1
271 4
fl=./elf/./elf/dl-misc.c
fn=_dl_name_match_p
68 322
69 184
70 10
72 46
74 184
75 280
80 46
82 36
83 184
fn=_dl_sysdep_read_whole_file
36 11
39 3
40 2
42 6
44 2
47 2
49 8
60 3
63 8
fl=./elf/./elf/dl-object.c
fn=_dl_add_to_namespace_list
31 36
33 12
35 35
38 36
40 3
42 3
45 2
46 12
47 8
48 8
50 8
51 20
fn=_dl_new_object
59 60
62 8
64 2
66 3
67 2
71 6
77 2
80 6
83 16
87 6
92 3
95 8
98 4
99 4
100 8
103 8
104 28
106 4
119 18
123 3
125 1
127 28
130 8
131 8
132 4
136 4
139 36
141 20
149 8
150 4
153 1
155 24
157 12
160 10
164 12
168 21
176 1
179 8
189 16
191 12
195 9
199 6
200 6
208 3
212 3
245 12
250 114
251 114
255 6
256 3
259 3
263 36
fl=./elf/./elf/dl-open.c
fn=_dl_find_dso_for_object
214 10
218 3
219 3
220 4
221 2
224 2
228 7
fl=./elf/./elf/dl-reloc.c
fn=_dl_relocate_object
170 928
171 338
174 1793
175 84
177 7
178 28
182 324
183 162
184 162
186 1302
187 780
188 312
190 1203
193 162
194 1134
196 7
207 66
208 12
220 10
221 15
224 20
226 15
228 5
229 15
251 25
252 10
253 2
255 10
262 15
301 10100
304 25
328 5
331 10
348 15
350 48
356 30
359 10
363 10
364 30
fl=./elf/./elf/dl-setup_hash.c
fn=_dl_setup_hash
25 10
28 15
31 15
32 10
33 5
34 5
36 15
37 5
38 15
40 5
41 10
43 5
45 15
50 5
fl=./elf/./elf/dl-sort-maps.c
fn=_dl_sort_maps
140 50
181 2
182 4
183 40
184 20
211 34
216 4
218 2
219 10
221 32
223 10
226 30
244 8
263 8
276 8
283 2
298 26
306 6
310 18
fn=_dl_sort_maps_init
289 4
290 4
291 1
292 3
293 2
fn=dfs_traversal.part.0
135 90
140 34
143 10
145 30
147 96
156 35
171 30
172 10
173 60
fl=./elf/./elf/dl-tunables.c
fn=__GI___tunable_set_val
72 50
82 5
93 40
94 25
97 10
100 35
104 10
111 10
112 10
115 25
116 5
117 5
118 5
153 30
157 15
fn=__GI___tunables_init
42 330
45 65
48 5432
52 130
56 260
128 1
261 10
267 4
281 10660
283 2
287 19305
304 8
fn=__tunable_get_val
387 76
390 450
399 50
400 15
409 29
416 228
418 38
fl=./elf/./elf/dl-tunables.h
fn=__GI___tunable_set_val
141 10
142 10
151 5
fn=__GI___tunables_init
160 2098
161 3597
fl=./elf/./elf/dl-version.c
fn=_dl_check_all_versions
392 7
394 1
396 20
397 5
398 45
401 7
fn=_dl_check_map_versions
36 88
37 20
38 136
56 104
64 78
70 78
86 26
87 52
89 26
94 912
108 782
110 26
113 208
120 1095
124 365
155 50
156 5
164 8
170 15
172 25
174 5
175 5
177 10
180 9
184 24
198 3
200 18
208 18
213 18
215 20
217 104
218 236
221 52
224 78
228 12
231 104
234 78
239 20
243 18
248 3
257 20
260 6
263 265
266 198
270 61
274 12
279 4
280 16
281 12
291 4
294 22
296 8
299 12
301 3
303 18
306 78
308 104
310 130
311 52
312 78
313 78
316 78
321 20
324 18
329 3
334 8
337 6
341 61
343 128
347 61
348 305
349 183
350 61
353 192
357 61
365 6
366 6
367 6
368 2
370 4
372 124
373 60
375 2
376 7
387 45
fl=./elf/./elf/do-rel.h
fn=_dl_relocate_object
49 30
50 30
51 5
53 50
72 5
73 6
80 30
83 179
85 228
96 6
97 2
114 27
123 2151
124 1420
126 27
129 28
131 941
133 1130
134 904
135 678
136 904
138 678
141 188
142 47
143 47
147 179
150 554
151 54
164 16
165 211
166 189
169 141
171 188
172 47
173 94
180 31
182 42
183 12
185 18
193 6
196 18
211 7
fn=_dl_start
49 6
50 4
51 1
53 10
56 4
61 13
63 9
64 6
65 3
fl=./elf/./elf/get-dynamic-info.h
fn=_dl_map_object_from_fd
39 6
43 3
45 305
49 148
51 40
52 20
53 3
54 71
55 59
56 15
59 12
62 12
64 12
68 74
72 12
84 10
85 12
86 12
87 12
88 10
89 11
90 11
91 12
103 24
110 10
115 4
122 4
123 9
129 9
130 3
147 9
152 2
154 2
156 2
158 2
159 2
162 9
164 6
165 4
174 4
175 6
180 4
181 3
184 6
fl=./elf/./elf/libc_early_init.c
fn=__libc_early_init
33 9
35 1
38 2
41 2
47 4
49 2
fl=./elf/./elf/rtld.c
fn=_dl_start
85 8
458 2
476 3
477 1
478 2
488 1
494 4
496 2
517 16
543 1
546 2
547 4
563 190
565 1
578 1
585 9
fn=dl_main
85 17
92 12
93 2
101 9
197 2
199 1
224 3
225 5
226 4
296 3
302 1
303 1
837 1
839 1
848 1
850 1
855 1
1115 1
1116 1
1118 1
1122 3
1124 1
1125 1
1140 1
1143 43
1144 110
1148 4
1153 3
1154 9
1163 2
1164 2
1166 1
1173 3
1191 2
1199 8
1200 17
1201 8
1202 1
1204 12
1205 14
1209 8
1210 8
1211 4
1215 12
1221 3
1227 4
1228 1
1233 4
1234 2
1235 1
1238 2
1243 2
1247 3
1253 26
1254 58
1260 12
1266 4
1268 3
1269 3
1271 3
1346 13
1351 1
1352 1
1357 1
1373 3
1374 4
1637 10
1639 2
1640 3
1641 2
1642 3
1646 2
1647 2
1672 3
1673 5
1674 3
1675 3
1678 1
1680 1
1681 1
1683 2
1684 2
1688 2
1690 2
1698 4
1705 2
1708 2
1733 4
1735 1
1740 2
1743 4
1744 4
1745 3
1746 1
1747 1
1748 1
1759 2
1760 2
1762 2
1764 1
1765 3
1770 5
1771 5
1773 3
1779 2
1788 2
1792 1
1793 2
1817 2
1823 1
1824 1
1825 1
1829 3
1834 3
1836 1
1838 2
1842 5
1847 2
1863 6
1939 4
1943 19
1944 1
1947 3
1948 1
1949 2
1950 2
1955 3
1965 9
1971 23
1972 14
1975 3
1976 2
1977 1
1979 18
1980 8
1984 2
1990 1
1992 3
1993 2
1995 2
1997 3
1999 3
2000 1
2001 2
2013 2
2014 2
2015 3
2026 5
2027 4
2028 5
2038 2
2039 2
2040 4
2042 2
2047 3
2246 3
2250 3
2256 2
2259 2
2267 2
2279 3
2282 3
2284 3
2285 6
2292 2
2293 24
2295 10
2300 10
2302 12
2304 1
2305 1
2308 5
2310 10
2311 32
2315 16
2316 9
2325 2
2329 4
2331 1
2338 4
2341 2
2345 3
2347 2
2357 1
2362 3
2365 1
2371 1
2372 5
2380 3
2387 1
2390 3
2394 3
2395 1
2396 1
2397 1
2401 1
2406 8
2538 1
2598 1
2600 2
2602 15
2604 2
2606 107
2607 19
2615 13
2640 2
2650 4
2652 2
2653 1
2687 5
2689 2
2690 2
2691 1
2727 5
2749 3
fn=handle_preload_list
183 3
806 1
810 2
811 2
812 1
814 1
816 6
817 3
825 3
869 13
870 3
874 5
877 4
878 3
880 4
881 2
887 1
889 2
891 2
892 1
895 9
fn=init_tls
734 4
736 2
740 3
746 2
749 1
750 1
751 1
755 1
757 1
761 2
762 2
763 14
764 5
765 10
769 9
771 3
773 3
776 2
779 1
786 2
787 2
793 2
797 1
800 5
fn=map_doit
641 6
643 4
644 6
646 3
fn=version_check_doit
674 6
676 6
680 3
fl=./elf/./get-dynamic-info.h
fn=_dl_start
45 75
49 36
51 10
52 5
54 20
55 16
56 5
59 4
62 4
64 4
68 18
72 3
84 4
85 3
86 4
87 4
88 5
89 3
90 4
91 4
103 10
110 3
123 3
129 3
130 3
133 2
134 3
139 5
142 5
fn=dl_main
39 4
43 1
45 115
49 56
51 12
52 6
54 25
55 21
56 5
59 4
62 4
64 4
68 28
72 7
84 3
85 5
86 5
87 5
88 4
89 5
90 5
91 5
103 9
110 3
115 2
122 3
123 4
129 3
147 4
152 2
154 2
156 2
158 2
159 2
162 4
164 3
165 2
174 2
175 3
180 2
181 3
184 3
fl=./elf/./setup-vdso.h
fn=dl_main
24 2
fl=./io/../sysdeps/unix/sysv/linux/access.c
fn=access
25 1
27 7
31 1
fl=./io/../sysdeps/unix/sysv/linux/close_nocancel.c
fn=__GI___close_nocancel
25 4
26 16
27 4
fn=__close_nocancel
25 1
26 4
27 1
fl=./io/../sysdeps/unix/sysv/linux/fstat64.c
fn=fstat
30 5
39 20
72 5
fl=./io/../sysdeps/unix/sysv/linux/fstatat64.c
fn=fstatat
91 6
146 6
160 4
161 11
162 1
fl=./io/../sysdeps/unix/sysv/linux/open64_nocancel.c
fn=__open_nocancel
28 40
31 63
39 75
41 21
fl=./io/../sysdeps/unix/sysv/linux/poll.c
fn=poll
27 1
29 6
43 1
fl=./io/../sysdeps/unix/sysv/linux/pread64_nocancel.c
fn=__pread64_nocancel
25 4
26 8
27 2
fl=./io/../sysdeps/unix/sysv/linux/read_nocancel.c
fn=__read_nocancel
25 7
26 28
27 7
fl=./io/../sysdeps/unix/sysv/linux/stat64.c
fn=stat
28 6
29 12
fl=./io/../sysdeps/unix/sysv/linux/write.c
fn=write
25 23
26 138
27 23
fl=./libio/../string/bits/string_fortified.h
fn=getdelim
29 176
fl=./libio/./libio/filedoalloc.c
fn=_IO_file_doallocate
78 11
84 9
86 4
97 4
101 3
102 2
104 4
105 1
106 9
fl=./libio/./libio/fileops.c
fn=_IO_file_close
1165 1
1168 2
fn=_IO_file_close_it@@GLIBC_2.2.5
128 7
130 3
133 2
134 3
137 1
139 2
142 7
145 3
153 5
154 4
157 2
158 1
159 1
160 1
162 2
163 7
fn=_IO_file_finish@@GLIBC_2.2.5
168 6
169 2
175 3
176 3
fn=_IO_file_fopen@@GLIBC_2.2.5
213 12
214 1
222 2
224 6
227 1
228 2
247 42
268 1
269 1
271 1
272 4
281 5
284 2
287 4
288 2
357 12
fn=_IO_file_open
182 12
184 2
185 4
189 2
191 1
192 6
195 3
205 2
206 1
207 6
fn=_IO_file_read
1131 4
1133 8
1134 8
fn=_IO_file_stat
1147 1
1148 2
fn=_IO_file_underflow@@GLIBC_2.2.5
462 40
466 12
469 8
475 12
478 8
481 3
486 2
490 10
506 8
512 24
517 20
519 8
526 4
535 12
537 8
538 32
fn=_IO_new_file_init_internal
106 6
110 1
111 1
113 1
114 1
115 3
fl=./libio/./libio/genops.c
fn=_IO_cleanup
776 6
777 10
780 13
784 3
785 36
792 7
794 6
814 3
816 29
817 3
821 7
822 2
842 12
843 2
855 12
fn=_IO_default_finish
54 2
601 6
603 3
609 3
612 3
624 3
fn=_IO_doallocbuf
343 8
344 2
346 3
347 5
350 6
fn=_IO_flush_all
686 12
687 3
691 6
692 9
695 12
697 3
698 36
700 21
708 33
709 3
713 7
714 2
718 12
fn=_IO_link_in
87 14
88 10
90 2
92 7
93 9
94 1
95 9
97 2
98 1
100 5
101 1
102 6
103 2
106 19
fn=_IO_no_init
563 462
564 42
565 42
566 84
568 1
572 6
579 1
581 1
586 82
587 42
588 252
fn=_IO_old_init
531 42
532 84
534 252
539 294
544 42
550 84
555 126
556 2
558 42
fn=_IO_setb
329 473
330 174
331 1
332 43
333 43
335 260
338 258
fn=_IO_sputbackc
635 1148
638 492
639 328
641 328
642 164
647 164
648 164
651 820
fn=_IO_switch_to_get_mode
164 24
165 12
168 12
172 8
173 8
176 4
178 8
180 8
181 4
182 16
fn=_IO_un_link
53 2
54 4
82 2
fn=_IO_unsave_markers
937 6
939 2
944 3
946 3
fn=__GI__IO_un_link.part.0
52 10
58 6
59 10
60 1
61 4
63 4
65 2
66 3
74 2
76 2
77 1
78 8
79 2
82 9
fn=__underflow
173 4
269 24
270 19
275 12
278 12
280 8
286 8
291 12
293 16
294 12
fl=./libio/./libio/iofclose.c
fn=fclose@@GLIBC_2.2.5
34 8
48 3
49 1
51 3
52 2
53 3
57 4
58 3
71 2
76 7
fl=./libio/./libio/iofopen.c
fn=fopen@@GLIBC_2.2.5
37 2
65 2
67 3
70 2
72 7
73 2
74 2
75 7
85 9
87 7
fl=./libio/./libio/iogetdelim.c
fn=getdelim
41 615
47 123
48 82
54 164
62 243
64 2
65 4
66 2
74 123
75 82
77 4
82 4
89 220
91 176
92 176
100 88
101 176
105 5
107 90
108 3
114 2
115 2
117 45
118 44
119 3
120 144
122 9
124 123
130 369
fl=./libio/./libio/libioP.h
fn=_IO_cleanup
1025 1
fn=_IO_doallocbuf
1025 3
1026 2
fn=_IO_file_close_it@@GLIBC_2.2.5
1025 3
1026 2
fn=_IO_file_doallocate
1025 3
1026 2
fn=_IO_file_underflow@@GLIBC_2.2.5
1025 16
1026 8
fn=_IO_flush_all
1025 2
fn=__underflow
1025 12
1026 8
fn=fclose@@GLIBC_2.2.5
951 4
952 4
958 2
979 4
980 9
1025 3
1026 2
fn=getdelim
979 164
fl=./libio/./libio/strops.c
fn=_IO_str_init_static_internal
36 410
40 82
41 123
46 205
48 41
49 41
50 41
51 287
53 41
54 41
55 41
64 41
65 246
fl=./libio/./libio/vtables.c
fn=check_stdfiles_vtables
545 1
546 4
547 3
548 3
550 1
fl=./malloc/../string/bits/string_fortified.h
fn=_int_realloc
29 4
fn=calloc
59 4
fn=tcache_init.part.0
59 88
fl=./malloc/../sysdeps/unix/sysv/linux/not-cancel.h
fn=ptmalloc_init.part.0
97 6
fl=./malloc/./malloc/arena.c
fn=calloc
153 4
fn=free
153 45
fn=malloc
153 22
264 1
fn=ptmalloc_init.part.0
262 8
267 1
292 2
296 3
300 4
301 4
302 4
303 4
304 4
305 4
306 4
308 4
309 4
310 4
313 4
314 4
316 2
326 8
fn=realloc
153 49
fl=./malloc/./malloc/malloc.c
fn=_int_free
1792 2
3163 30
3165 60
3166 15
3167 30
4495 119
4499 51
4505 68
4506 34
4510 85
4517 34
4518 102
4521 15
4527 45
4547 75
4550 15
4561 4
4637 4
4640 4
4643 4
4646 4
4658 100
fn=_int_free_maybe_consolidate
4770 22
4776 4
4778 4
4781 3
4784 5
4798 22
fn=_int_free_merge_chunk
1992 6
4665 16
4666 2
4670 12
4673 8
4675 6
4678 6
4681 4
4682 4
4683 4
4689 4
4701 6
4702 14
4714 4
4720 2
4724 1
4732 1
4733 4
4734 2
4736 1
4738 2
4740 3
4743 1
4744 1
4746 3
4747 1
4756 1
4757 3
4758 2
fn=_int_malloc
1326 34
1345 102
1794 16
2008 8
2017 2
2552 12
2553 1
2564 4
2565 3
2568 4
2576 6
2577 2
2589 4
2590 2
2599 4
2608 3
2669 3
2677 2
2678 3
2691 3
2693 1
2699 5
2707 2
2709 4
2710 3
2711 1
2712 1
2715 2
2744 3
2745 1
2746 2
2752 8
2755 4
2782 2
2783 1
2795 3
2814 2
2817 2
2818 6
2820 1
2821 6
2833 5
2873 1
2875 1
2876 5
2877 1
2888 3
2921 3
2922 1
2926 1
2930 5
2932 1
2933 1
2934 1
2935 7
2936 2
2938 1
3846 187
3882 1
3887 34
3914 37
3916 32
3919 10
3921 18
3930 27
3977 16
3979 46
3980 28
3982 42
4039 42
4040 9
4058 49
4059 51
4060 51
4070 90
4257 51
4259 12
4262 9
4263 17
4330 17
4331 34
4332 34
4333 34
4334 102
4339 68
4343 162
4346 164
4443 17
4444 34
4446 34
4449 51
4451 15
4452 30
4453 15
4454 120
4456 30
4459 30
4460 51
4461 17
4466 8
4482 3
4487 204
fn=_int_realloc
4914 56
4925 28
4926 35
4927 28
4933 14
4935 14
4936 21
4938 28
4941 14
4951 24
4952 5
4953 5
4955 45
4956 10
4957 15
4959 10
4963 4
4964 4
4965 2
4975 10
4976 4
4979 2
4980 2
4985 6
4992 2
4993 14
4997 8
4999 2
5030 63
fn=alloc_perturb
1985 51
1987 17
fn=calloc
3699 27
3709 27
3717 6
3720 9
3722 6
3732 3
3733 9
3754 9
3756 26
3759 8
3768 3
3784 2
3789 3
3796 6
3799 10
3807 2
3809 4
3811 4
3816 2
3818 1
3819 2
3821 1
3823 2
3837 23
fn=free
3359 112
3363 32
3371 32
3373 16
3375 48
3379 3
3381 4
3383 2
3384 2
3385 1
3388 2
3392 45
3398 45
3401 16
3402 96
fn=malloc
1326 28
1345 69
3178 6
3182 6
3186 12
3190 6
3191 3
3248 4
3294 112
3301 28
3311 26
3313 56
3316 28
3317 4
3318 39
3326 22
3328 44
3329 55
3354 84
fn=munmap_chunk
3024 2
3025 2
3026 3
3028 2
3030 1
3031 3
3032 1
3038 4
3039 5
3042 1
3043 3
3048 2
3049 1
fn=ptmalloc_init.part.0
1946 385
1949 381
1957 1
1958 1
1960 1
3143 2
fn=realloc
1326 14
1345 42
3407 99
3413 18
3417 18
3424 18
3425 4
3433 7
3441 14
3443 7
3444 14
3456 21
3464 28
3465 14
3475 14
3506 14
3508 49
3509 49
3538 77
5241 21
5242 21
5243 14
5244 7
fn=sysmalloc_mmap.isra.0
2008 4
2400 6
2413 3
2418 2
2421 10
2424 2
2428 2
2432 4
2448 3
2466 1
2467 3
2471 3
2472 5
2475 3
2476 5
2481 7
fn=tcache_init.part.0
3242 4
3251 8
3252 3
3253 2
3261 4
3270 2
3274 3
fl=./malloc/./malloc/morecore.c
fn=__glibc_morecore
25 6
26 4
29 2
30 4
34 4
fl=./malloc/./malloc/scratch_buffer_set_array_size.c
fn=__libc_scratch_buffer_set_array_size
30 39
34 3
35 6
45 6
46 3
63 18
fl=./misc/../sysdeps/unix/syscall-template.S
fn=gettid
91 3
93 1
fn=mprotect
117 30
122 6
fn=munmap
117 15
122 3
fl=./misc/../sysdeps/unix/sysv/linux/brk.c
fn=brk
36 2
37 4
38 4
44 2
45 2
fl=./misc/../sysdeps/unix/sysv/linux/brk_call.h
fn=brk
24 4
fl=./misc/../sysdeps/unix/sysv/linux/getpagesize.c
fn=getpagesize
27 2
28 8
30 2
fl=./misc/../sysdeps/unix/sysv/linux/mmap64.c
fn=mmap
47 126
50 36
53 82
58 108
60 72
fl=./misc/../sysdeps/unix/sysv/linux/setvmaname.c
fn=__set_vma_name
33 18
35 12
40 14
47 2
48 1
49 18
fl=./misc/../sysdeps/unix/sysv/linux/x86_64/syscall.S
fn=syscall
29 3175
30 3175
31 3175
32 3175
33 3175
34 3175
35 3175
36 3175
37 3175
38 3175
39 3175
40 3175
fl=./misc/./misc/getauxval.c
fn=getauxval
30 4
32 2
35 4
42 184
43 88
56 2
62 4
63 2
64 2
fl=./misc/./misc/init-misc.c
fn=__init_misc
30 5
31 6
33 3
37 5
38 3
40 4
fl=./misc/./misc/sbrk.c
fn=sbrk
37 16
40 4
43 4
58 4
59 4
62 4
63 2
66 4
74 3
78 14
fl=./nptl/../string/bits/string_fortified.h
fn=pthread_attr_init@@GLIBC_2.2.5
59 5
fn=pthread_attr_setaffinity_np@@GLIBC_2.32
29 4
fn=pthread_getaffinity_np@@GLIBC_2.32
59 2
fn=pthread_getattr_np@@GLIBC_2.32
29 2
fl=./nptl/../sysdeps/unix/sysv/linux/x86/elision-conf.c
fn=__lll_elision_init
92 8
96 5
98 4
100 4
102 4
104 4
107 3
108 1
109 6
fl=./nptl/./nptl/libc-cleanup.c
fn=__libc_cleanup_pop_restore
54 45
55 45
57 90
59 45
60 135
71 45
fn=__libc_cleanup_push_defer
24 45
25 45
27 90
29 90
32 90
46 135
48 45
49 45
fl=./nptl/./nptl/pthread_attr_destroy.c
fn=pthread_attr_destroy
26 6
36 3
38 2
39 2
44 4
fl=./nptl/./nptl/pthread_attr_extension.c
fn=__pthread_attr_extension
25 6
26 2
27 1
28 4
29 2
32 3
fl=./nptl/./nptl/pthread_attr_getstack.c
fn=pthread_attr_getstack@@GLIBC_2.34
24 2
31 4
35 1
38 2
fl=./nptl/./nptl/pthread_attr_init.c
fn=pthread_attr_init@@GLIBC_2.2.5
32 6
46 3
49 4
fl=./nptl/./nptl/pthread_attr_setaffinity.c
fn=pthread_attr_setaffinity_np@@GLIBC_2.32
29 8
34 5
45 1
46 2
49 3
51 4
52 2
55 2
56 1
62 1
63 7
fl=./nptl/./nptl/pthread_getaffinity.c
fn=pthread_getaffinity_np@@GLIBC_2.32
30 5
33 6
35 2
39 4
41 1
42 2
fl=./nptl/./nptl/pthread_getattr_np.c
fn=pthread_getattr_np@@GLIBC_2.32
33 14
37 3
38 2
43 7
49 4
52 1
55 2
59 2
62 3
85 5
86 3
91 7
102 2
103 11
105 1
108 4
112 7
114 1
115 1
117 3
120 90
122 246
127 328
129 164
130 123
133 1
135 4
140 2
141 1
144 2
145 1
158 40
162 7
165 6
169 1
171 2
178 1
180 5
181 2
188 4
191 4
193 7
194 7
198 2
201 6
203 2
207 12
fl=./nptl/./nptl/pthread_mutex_conf.c
fn=__pthread_tunables_init
55 8
56 5
58 4
60 4
62 6
fl=./nptl/./nptl/pthread_mutex_lock.c
fn=pthread_mutex_lock@@GLIBC_2.2.5
44 2
45 14
46 2
77 10
80 6
82 2
84 4
88 4
97 4
108 8
112 2
115 4
124 2
130 6
131 4
179 2
182 2
184 2
187 2
190 6
fl=./nptl/./nptl/pthread_mutex_unlock.c
fn=pthread_mutex_unlock@@GLIBC_2.2.5
39 2
40 8
41 2
51 6
52 4
57 4
62 2
65 2
70 2
72 2
74 4
80 8
84 6
87 4
367 8
369 4
fl=./nptl/./nptl/pthread_self.c
fn=pthread_self
23 1
25 2
fl=./posix/../malloc/dynarray-skeleton.c
fn=__unregister_atfork
243 3
fl=./posix/../sysdeps/posix/sysconf.c
fn=sysconf
60 14
221 3
fl=./posix/../sysdeps/unix/sysv/linux/_exit.c
fn=_Exit
27 2
30 4
fl=./posix/../sysdeps/unix/sysv/linux/x86/../sysconf.c
fn=sysconf
49 10
fl=./posix/../sysdeps/unix/sysv/linux/x86/sysconf.c
fn=sysconf
32 12
33 3
37 10
fl=./posix/./posix/register-atfork.c
fn=__unregister_atfork
71 6
82 18
83 12
109 12
110 9
fl=./resource/../sysdeps/unix/sysv/linux/getrlimit64.c
fn=getrlimit
38 4
39 14
40 2
fl=./setjmp/../sysdeps/x86_64/bsd-_setjmp.S
fn=_setjmp
28 1
30 1
32 1
fl=./setjmp/../sysdeps/x86_64/setjmp.S
fn=__sigsetjmp
31 8
33 8
42 8
43 16
44 8
48 8
49 8
50 8
51 8
52 8
54 16
56 8
57 8
58 8
60 16
62 8
67 1
68 1
70 7
73 7
74 7
81 7
82 7
85 1
fl=./setjmp/./setjmp/sigjmp.c
fn=__sigjmp_save
28 6
29 1
30 2
34 4
fl=./signal/../string/bits/string_fortified.h
fn=__libc_sigaction
29 96
fl=./signal/../sysdeps/posix/signal.c
fn=signal
30 7
34 5
35 2
41 1
44 4
45 6
48 1
49 5
fl=./signal/../sysdeps/unix/syscall-template.S
fn=sigaltstack
120 15
122 3
fl=./signal/../sysdeps/unix/sysv/linux/internal-signals.h
fn=sigaction
53 5
fn=signal
53 1
fl=./signal/../sysdeps/unix/sysv/linux/libc_sigaction.c
fn=__libc_sigaction
43 40
48 10
50 6
53 15
58 51
63 20
65 6
67 6
68 6
71 30
fl=./signal/../sysdeps/unix/sysv/linux/sigsetops.h
fn=signal
96 1
102 2
104 1
fl=./signal/./signal/sigaction.c
fn=sigaction
26 5
27 25
33 5
fl=./stdio-common/../include/scratch_buffer.h
fn=__vfscanf_internal
77 123
78 41
85 164
113 574
fl=./stdio-common/../libio/strfile.h
fn=__isoc23_sscanf
87 41
88 287
89 82
90 205
fl=./stdio-common/../string/bits/string_fortified.h
fn=__vfscanf_internal
59 41
fl=./stdio-common/./stdio-common/getline.c
fn=getline
27 82
28 82
fl=./stdio-common/./stdio-common/isoc23_sscanf.c
fn=__isoc23_sscanf
24 738
30 246
31 205
36 369
fl=./stdio-common/./stdio-common/printf-parse.h
fn=__vfscanf_internal
55 492
fl=./stdio-common/./stdio-common/vfscanf-internal.c
fn=__vfscanf_internal
206 246
214 164
222 328
223 164
231 82
260 2878
263 2322
278 533
282 41
283 123
284 41
288 205
289 82
293 41
313 41
325 41
326 41
327 41
328 41
332 41
339 205
345 205
348 164
352 82
359 82
365 41
367 164
372 410
381 656
419 246
443 328
444 246
447 205
454 369
462 123
470 82
483 82
489 410
506 410
530 82
533 902
546 246
554 82
660 164
664 164
665 492
669 164
670 820
676 738
679 492
680 656
681 656
685 1230
1450 574
1455 246
1464 574
1466 216
1470 378
1472 432
1484 108
1494 108
1498 56
1501 246
1742 328
1813 2096
1815 1440
1817 3682
1822 246
1877 638
1879 2552
1881 5742
1884 164
1891 164
1892 164
1920 820
1924 164
1941 246
1942 164
1945 328
1948 246
1951 410
1953 164
1957 82
1970 164
1971 984
1980 164
3079 164
3084 82
3095 246
3098 82
3105 164
3109 82
3126 82
3132 492
fl=./stdlib/../stdlib/strtol.c
fn=__strtoul_internal
107 82
108 328
fl=./stdlib/../stdlib/strtol_l.c
fn=____strtoul_l_internal
238 1066
252 82
257 82
258 28
264 164
292 82
295 328
304 492
306 164
310 82
311 164
316 164
320 164
322 378
327 108
332 270
335 56
342 56
387 56
390 220
391 354
393 82
394 82
395 136
449 1384
451 2908
453 2076
460 136
477 218
478 218
481 2076
484 2768
489 856
490 2076
495 164
500 246
501 82
513 164
524 410
546 738
fl=./stdlib/./stdlib/cxa_atexit.c
fn=__cxa_atexit
41 2
43 8
44 2
46 2
52 3
53 1
54 1
55 1
56 1
57 4
58 1
67 7
69 6
fn=__new_exitfn
80 5
81 1
86 2
91 10
93 4
101 1
122 1
123 1
134 1
136 1
137 1
141 5
fl=./stdlib/./stdlib/cxa_finalize.c
fn=__cxa_finalize
30 30
33 21
36 21
40 21
93 21
97 18
105 6
106 12
107 24
fl=./stdlib/./stdlib/cxa_thread_atexit_impl.c
fn=__call_tls_dtors
148 5
149 8
153 3
155 2
156 2
162 2
163 2
165 4
fn=__cxa_thread_atexit_impl
102 9
103 3
106 3
107 2
110 2
111 1
112 3
113 1
117 3
120 2
124 2
128 5
136 1
137 2
139 2
142 7
fl=./stdlib/./stdlib/exit.c
fn=__run_exit_handlers
38 12
40 2
41 2
43 5
54 2
56 2
60 1
64 6
66 2
67 1
69 7
94 2
101 1
102 1
103 1
104 3
107 4
108 3
109 4
113 3
119 3
120 2
126 4
128 2
129 2
131 2
fn=exit
137 3
138 4
fl=./string/../include/rtld-malloc.h
fn=strdup
56 8
fl=./string/../string/strcspn.c
fn=strcspn
32 6
33 3
34 2
39 6
40 4
41 4
42 4
44 1
47 9
48 6
51 4
52 4
53 4
54 4
56 3
61 12
62 24
63 24
64 24
65 12
67 72
69 1
70 4
71 3
fl=./string/../string/strstr.c
fn=__GI_strstr
77 12
82 3
84 5
85 2
86 2
161 12
fl=./string/../sysdeps/x86/cacheinfo.c
fn=__x86_cacheinfo
86 1
fl=./string/../sysdeps/x86/cacheinfo.h
fn=__x86_cacheinfo
59 1
62 3
64 3
65 1
71 3
73 3
74 1
78 2
80 2
81 2
82 2
84 2
86 2
fl=./string/../sysdeps/x86_64/multiarch/../multiarch/memcmp-sse2.S
fn=bcmp
59 1
71 1
72 1
94 1
95 1
140 1
141 1
143 1
144 1
146 1
147 1
149 1
150 1
197 1
198 1
199 1
200 1
201 1
202 1
fl=./string/../sysdeps/x86_64/multiarch/../multiarch/memset-vec-unaligned-erms.S
fn=memset
132 10
133 50
138 10
139 10
142 4
143 4
181 1
182 1
184 1
244 4
245 4
257 4
260 4
261 4
273 3
274 3
287 3
288 3
290 3
293 2
296 4
299 41
300 41
301 41
302 41
303 41
304 41
305 41
308 3
309 3
310 3
311 3
316 3
350 6
352 6
353 6
392 6
393 6
395 6
fl=./string/../sysdeps/x86_64/multiarch/../multiarch/strchr-sse2.S
fn=index
32 20
33 20
34 20
35 20
36 20
37 20
38 20
39 20
40 20
41 19
42 19
43 19
44 19
45 19
46 19
47 19
48 19
49 19
50 16
54 16
55 16
56 16
57 16
59 16
63 3
64 3
65 3
66 3
67 3
68 3
69 3
70 3
71 3
72 3
73 3
74 3
75 3
76 3
77 3
78 3
79 3
80 3
81 3
82 3
83 3
84 3
85 3
86 3
138 4
142 4
143 4
144 4
145 4
147 4
151 1
152 1
153 1
154 1
155 1
156 1
157 1
158 1
159 1
160 1
161 1
162 1
163 1
164 1
165 1
166 1
167 1
168 1
169 1
170 1
171 1
172 1
173 1
174 1
175 1
176 1
177 1
178 1
179 1
180 1
181 1
182 1
183 1
184 1
185 1
186 1
187 1
188 1
fl=./string/../sysdeps/x86_64/multiarch/../multiarch/strcmp-sse2.S
fn=strcmp
98 393
131 393
132 393
134 393
135 393
156 393
157 393
158 333
159 333
160 282
161 282
162 282
163 282
180 282
181 282
182 282
183 282
184 282
185 282
186 282
191 26
192 78
201 137
202 137
203 137
204 137
205 137
206 137
207 137
208 137
209 128
210 75
211 75
212 75
214 128
215 128
216 128
217 128
218 128
219 128
229 9
230 9
231 9
233 9
239 9
240 9
241 9
242 9
243 9
248 9
250 4
251 4
252 8
260 4
261 4
264 4
265 4
266 4
267 4
268 4
269 4
300 6
301 6
302 6
303 6
304 6
306 6
307 6
308 6
309 6
310 6
311 6
312 6
313 6
316 6
317 6
318 6
324 6
325 6
326 12
330 6
331 6
334 6
335 6
336 6
338 6
339 6
340 6
344 6
345 6
346 6
347 6
348 6
349 6
424 1
425 1
426 1
427 1
428 1
430 1
431 1
432 1
433 1
434 1
435 1
436 1
437 1
440 1
441 1
442 1
448 1
449 1
450 2
454 1
455 1
458 1
459 1
460 1
462 1
463 1
464 1
468 1
469 1
470 1
471 1
472 1
473 1
542 1
543 1
544 1
545 1
546 1
548 1
549 1
550 1
551 1
552 1
553 1
554 1
661 1
662 1
663 1
664 1
665 1
667 1
668 1
669 1
670 1
671 1
672 1
673 1
780 2
781 2
782 2
783 2
784 2
786 2
787 2
788 2
789 2
790 2
791 2
792 2
793 1
797 1
798 1
799 1
805 1
806 1
807 2
811 1
812 1
815 1
816 1
817 1
819 1
820 1
821 1
825 1
826 1
827 1
828 1
829 1
830 1
899 5
900 5
901 5
902 5
903 5
905 5
906 5
907 5
908 5
909 5
910 5
911 5
912 3
916 3
917 3
918 3
924 3
925 3
926 6
930 3
931 3
934 3
935 3
936 3
938 3
939 3
940 3
944 3
945 3
946 3
947 3
948 3
949 3
956 1
957 1
959 1
960 1
962 1
963 1
964 1
966 1
967 1
968 1
972 1
973 1
974 1
975 1
976 1
977 1
1018 5
1019 5
1020 5
1021 5
1022 5
1024 5
1025 5
1026 5
1027 5
1028 5
1029 5
1030 5
1031 3
1035 3
1036 3
1037 3
1043 3
1044 3
1045 6
1049 3
1050 3
1053 3
1054 3
1055 3
1057 3
1058 3
1059 3
1063 3
1064 3
1065 3
1066 3
1067 3
1068 3
1137 3
1138 3
1139 3
1140 3
1141 3
1143 3
1144 3
1145 3
1146 3
1147 3
1148 3
1149 3
1256 14
1257 14
1258 14
1259 14
1260 14
1262 14
1263 14
1264 14
1265 14
1266 14
1267 14
1268 14
1269 9
1273 9
1274 9
1275 9
1281 9
1282 9
1283 18
1287 9
1288 9
1291 9
1292 9
1293 9
1295 9
1296 9
1297 9
1301 9
1302 9
1303 9
1304 9
1305 9
1306 9
1375 5
1376 5
1377 5
1378 5
1379 5
1381 5
1382 5
1383 5
1384 5
1385 5
1386 5
1387 5
1388 4
1392 4
1393 4
1394 4
1400 4
1401 4
1402 8
1406 4
1407 4
1410 4
1411 4
1412 4
1414 4
1415 4
1416 4
1420 4
1421 4
1422 4
1423 4
1424 4
1425 4
1494 29
1495 29
1496 29
1497 29
1498 29
1500 29
1501 29
1502 29
1503 29
1504 29
1505 29
1506 29
1507 7
1511 7
1512 7
1513 7
1519 7
1520 7
1521 14
1525 7
1526 7
1529 7
1530 7
1531 7
1533 7
1534 7
1535 7
1539 7
1540 7
1541 7
1542 7
1543 7
1544 7
1613 7
1614 7
1615 7
1616 7
1617 7
1619 7
1620 7
1621 7
1622 7
1623 7
1624 7
1625 7
1626 6
1630 6
1631 6
1632 6
1638 6
1639 6
1640 12
1644 6
1645 6
1648 6
1649 6
1650 6
1652 6
1653 6
1654 6
1658 6
1659 6
1660 6
1661 6
1662 6
1663 6
1670 1
1671 1
1673 1
1674 1
1676 1
1677 1
1678 1
1680 1
1681 1
1682 1
1686 1
1687 1
1688 1
1689 1
1690 1
1691 1
1732 23
1733 23
1734 23
1735 23
1736 23
1738 23
1739 23
1740 23
1741 23
1742 23
1743 23
1744 23
1745 10
1749 10
1750 10
1751 10
1757 10
1758 10
1759 20
1763 10
1764 10
1767 10
1768 10
1769 10
1771 10
1772 10
1773 10
1777 10
1778 10
1779 10
1780 10
1781 10
1782 10
1789 1
1790 1
1792 1
1793 1
1795 1
1796 1
1797 1
1799 1
1800 1
1801 1
1805 1
1806 1
1807 1
1808 1
1809 1
1810 1
1851 17
1852 17
1853 17
1854 17
1855 17
1857 17
1858 17
1859 17
1860 17
1861 17
1862 17
1863 17
1864 10
1868 10
1869 10
1870 10
1876 10
1877 10
1878 20
1882 10
1883 10
1886 10
1887 10
1888 10
1890 10
1891 10
1892 10
1896 10
1897 10
1898 10
1899 10
1900 10
1901 10
1908 1
1909 1
1911 1
1912 1
1914 1
1915 1
1916 1
1918 1
1919 1
1920 1
1924 1
1925 1
1926 1
1927 1
1928 1
1929 1
1970 9
1971 9
1972 9
1973 9
1974 9
1976 9
1977 9
1978 9
1979 9
1980 9
1981 9
1982 9
1984 1
1988 1
1989 1
1990 1
1996 1
1997 1
1999 2
2003 1
2004 1
2007 1
2008 1
2009 1
2011 1
2012 1
2013 1
2017 1
2018 1
2019 1
2020 1
2021 1
2022 1
2093 65
2095 137
2096 137
2097 137
2098 137
2099 150
2104 393
2110 393
2111 393
2119 393
2120 393
fn=strncmp
98 1
125 1
126 1
127 1
128 1
129 1
131 1
132 1
134 1
135 1
156 1
157 1
158 1
159 1
160 1
161 1
162 1
163 1
180 1
181 1
182 1
183 1
184 1
185 1
186 1
2104 1
2107 1
2108 1
2110 1
2111 1
2119 1
2120 1
fl=./string/../sysdeps/x86_64/multiarch/../multiarch/strlen-sse2.S
fn=strlen
57 20
101 20
102 20
103 20
104 20
105 20
106 20
107 20
109 20
111 20
142 20
143 20
144 20
145 20
146 20
147 11
149 11
153 9
154 9
155 9
156 9
157 9
158 9
159 9
160 9
161 9
162 9
163 9
164 9
169 72
fl=./string/../sysdeps/x86_64/multiarch/ifunc-avx2.h
fn=memrchr
38 4
40 3
41 2
42 3
45 2
46 2
49 3
52 6
fn=rindex
38 4
40 3
41 2
42 3
45 2
46 2
49 3
52 6
fn=strchrnul
38 4
40 3
41 2
42 3
45 2
46 2
49 3
52 6
fn=strlen
38 8
40 6
41 4
42 6
45 4
46 4
49 6
52 12
fn=strnlen
38 8
40 6
41 4
42 6
45 4
46 4
49 6
52 12
fl=./string/../sysdeps/x86_64/multiarch/ifunc-evex.h
fn=memchr
37 4
38 3
39 3
42 2
43 2
45 2
51 3
54 4
fl=./string/../sysdeps/x86_64/multiarch/ifunc-memcmp.h
fn=bcmp
34 10
35 4
36 4
37 6
40 4
41 4
44 6
47 8
fl=./string/../sysdeps/x86_64/multiarch/ifunc-memmove.h
fn=memcpy@@GLIBC_2.14
56 4
57 6
60 6
61 4
74 4
77 4
85 4
93 4
96 10
fn=memmove
56 4
57 6
60 6
61 4
74 4
77 4
85 4
93 4
96 10
fn=mempcpy
56 2
57 3
60 3
61 2
74 2
77 2
85 2
93 2
96 5
fl=./string/../sysdeps/x86_64/multiarch/ifunc-memset.h
fn=memset
54 10
57 6
58 4
64 4
73 4
75 4
85 4
93 4
96 10
fl=./string/../sysdeps/x86_64/multiarch/ifunc-sse4_2.h
fn=strcspn
36 5
fn=strpbrk
36 5
fn=strspn
36 5
fl=./string/../sysdeps/x86_64/multiarch/ifunc-strcasecmp.h
fn=strcasecmp
36 4
37 2
38 3
41 2
42 2
45 3
48 5
fn=strcasecmp_l
36 4
37 2
38 3
41 2
42 2
45 3
48 5
fn=strncasecmp
36 4
37 2
38 3
41 2
42 2
45 3
48 5
fn=strncasecmp_l
36 4
37 2
38 3
41 2
42 2
45 3
48 5
fl=./string/../sysdeps/x86_64/multiarch/ifunc-strcpy.h
fn=stpcpy
38 4
39 3
42 2
43 2
46 3
49 3
fn=strcat
38 4
39 3
42 2
43 2
46 3
49 3
fn=strcpy
38 4
39 3
42 2
43 2
46 3
49 3
fl=./string/../sysdeps/x86_64/multiarch/ifunc-strncpy.h
fn=stpncpy
35 5
36 3
39 2
40 2
43 3
46 4
fn=strncpy
35 5
36 3
39 2
40 2
43 3
46 4
fl=./string/../sysdeps/x86_64/multiarch/memchr-avx2.S
fn=__memchr_avx2
61 44
68 44
70 44
73 44
74 44
76 44
77 44
78 44
79 44
82 44
83 44
86 44
87 44
89 43
90 43
101 1
106 1
113 1
114 1
121 10
122 10
123 10
124 20
128 1
129 1
133 5
134 5
135 5
136 10
140 8
141 8
142 8
143 16
148 16
149 16
150 16
151 32
161 43
162 43
163 43
165 43
175 43
176 43
179 43
180 43
182 39
183 39
185 29
186 29
187 29
188 29
190 24
191 24
192 24
193 24
195 16
196 16
197 16
198 16
257 4
258 4
261 4
262 4
266 2
267 2
270 1
271 1
272 1
273 1
274 1
278 2
321 1
322 2
366 2
367 2
368 2
369 2
371 2
372 2
375 2
376 2
379 2
380 2
384 1
385 1
387 1
388 1
390 1
391 1
392 1
393 1
394 1
395 1
397 2
401 1
402 1
403 1
404 2
fl=./string/../sysdeps/x86_64/multiarch/memchr.c
fn=memchr
29 2
fl=./string/../sysdeps/x86_64/multiarch/memcmp.c
fn=bcmp
29 8
fl=./string/../sysdeps/x86_64/multiarch/memcmpeq.c
fn=memcpy@@GLIBC_2.14
29 2
fl=./string/../sysdeps/x86_64/multiarch/memmove-vec-unaligned-erms.S
fn=__memcpy_avx_unaligned_erms
255 6479
256 6479
262 6479
263 6479
265 6397
266 6397
267 6397
270 17
271 17
272 17
275 34
305 82
306 82
308 74
309 74
311 65
315 65
316 39
317 39
318 25
319 25
320 1
321 1
323 25
325 39
331 26
332 26
333 26
334 26
335 26
342 8
343 8
344 8
345 8
347 8
364 9
365 9
366 9
367 9
368 9
375 30
376 30
377 30
378 30
379 30
380 30
381 60
386 6380
387 6380
392 6379
393 6379
395 30
396 30
397 30
417 6349
418 6349
422 6349
424 6349
428 6349
429 6349
440 6349
443 6349
445 6349
447 6349
451 6349
452 6349
461 6349
462 6349
464 6349
466 6349
467 6349
468 6349
471 6349
473 6349
475 6349
477 12698
483 203167
484 203167
485 203167
486 203167
487 203167
488 203167
489 203167
490 203167
491 203167
492 203167
493 203167
494 203167
496 6349
497 6349
498 6349
499 6349
501 6349
505 12698
563 1
570 1
571 1
577 1
580 1
582 1
585 1
586 1
588 1
590 8193
592 1
594 1
596 2
601 1
602 1
606 1
608 1
611 1
615 1
616 1
620 1
624 1
fn=memcpy
210 21
211 21
217 40
218 40
220 21
221 21
222 21
224 11
225 11
226 11
228 11
308 19
309 19
311 4
315 4
316 4
317 4
318 1
319 1
323 1
325 4
364 15
365 15
366 15
367 15
368 15
375 10
376 10
377 10
378 10
379 10
380 10
381 10
392 10
393 10
395 10
396 10
397 10
fn=mempcpy
197 19
198 19
199 19
200 19
fl=./string/../sysdeps/x86_64/multiarch/memmove.c
fn=memmove
29 2
fl=./string/../sysdeps/x86_64/multiarch/mempcpy.c
fn=mempcpy
33 1
fl=./string/../sysdeps/x86_64/multiarch/memrchr.c
fn=memrchr
29 3
fl=./string/../sysdeps/x86_64/multiarch/memset-vec-unaligned-erms.S
fn=__memset_avx2_unaligned_erms
158 617258611
159 1234517222
164 617258611
165 617258611
166 205865438
167 205865438
168 205865438
170 205702572
171 205702572
172 411405144
181 25065
182 25065
184 50130
237 162866
238 162866
244 75125
245 75125
257 75125
260 75125
261 75125
273 50060
274 50060
287 50060
288 50060
290 50060
293 1
296 1
299 7
300 7
301 7
302 7
303 7
304 7
305 8
308 50060
309 50060
310 50060
311 50060
314 100120
325 87741
326 87741
327 87741
328 705962877
329 87741
330 175482
337 411393173
346 411393173
347 411393173
352 6174
353 6174
378 411386999
379 411386999
380 411386999
389 6174
390 6174
395 6174
fl=./string/../sysdeps/x86_64/multiarch/memset.c
fn=memset
29 2
fl=./string/../sysdeps/x86_64/multiarch/stpcpy.c
fn=stpcpy
33 3
fl=./string/../sysdeps/x86_64/multiarch/stpncpy.c
fn=stpncpy
31 3
fl=./string/../sysdeps/x86_64/multiarch/strcasecmp.c
fn=strcasecmp
31 3
fl=./string/../sysdeps/x86_64/multiarch/strcasecmp_l.c
fn=strcasecmp_l
31 3
fl=./string/../sysdeps/x86_64/multiarch/strcat.c
fn=strcat
29 3
fl=./string/../sysdeps/x86_64/multiarch/strchr-avx2.S
fn=__strchr_avx2
53 1
55 1
56 1
57 1
58 1
59 1
62 1
63 1
67 1
68 1
69 1
70 1
71 1
72 1
73 1
74 1
77 1
85 1
93 1
94 2
fl=./string/../sysdeps/x86_64/multiarch/strchr.c
fn=index
42 4
43 2
44 3
47 2
48 2
51 3
54 3
65 3
fl=./string/../sysdeps/x86_64/multiarch/strchrnul.c
fn=strchrnul
31 3
fl=./string/../sysdeps/x86_64/multiarch/strcmp.c
fn=strcmp
47 4
48 2
49 3
52 2
53 2
56 3
59 3
79 3
fl=./string/../sysdeps/x86_64/multiarch/strcpy.c
fn=strcpy
29 3
fl=./string/../sysdeps/x86_64/multiarch/strcspn.c
fn=strcspn
29 2
fl=./string/../sysdeps/x86_64/multiarch/strlen-avx2.S
fn=__strlen_avx2
52 42
65 42
66 42
67 42
70 42
72 42
73 42
76 42
77 42
85 42
86 42
87 1
92 2
118 12
131 12
132 12
133 12
139 24
168 9
181 9
182 9
183 9
189 18
193 20
206 20
207 20
208 20
214 40
221 41
236 41
242 41
243 41
244 41
246 29
247 29
248 29
249 29
251 29
252 29
253 29
254 29
256 20
257 20
258 20
259 20
fl=./string/../sysdeps/x86_64/multiarch/strlen.c
fn=strlen
29 6
fl=./string/../sysdeps/x86_64/multiarch/strncase.c
fn=strncasecmp
31 3
fl=./string/../sysdeps/x86_64/multiarch/strncase_l.c
fn=strncasecmp_l
31 3
fl=./string/../sysdeps/x86_64/multiarch/strncmp.c
fn=strncmp
43 4
44 2
45 3
48 2
49 2
52 3
55 5
67 3
fl=./string/../sysdeps/x86_64/multiarch/strncpy.c
fn=strncpy
29 3
fl=./string/../sysdeps/x86_64/multiarch/strnlen.c
fn=strnlen
31 6
fl=./string/../sysdeps/x86_64/multiarch/strpbrk.c
fn=strpbrk
29 2
fl=./string/../sysdeps/x86_64/multiarch/strrchr-avx2.S
fn=__strrchr_avx2
53 1
54 1
55 1
57 1
58 1
62 1
63 1
64 1
67 1
69 1
70 1
71 1
72 1
75 1
76 1
78 1
79 1
80 1
81 1
82 1
91 2
fl=./string/../sysdeps/x86_64/multiarch/strrchr.c
fn=rindex
28 3
fl=./string/../sysdeps/x86_64/multiarch/strspn.c
fn=strspn
29 2
fl=./string/./string/strdup.c
fn=strdup
40 24
41 8
44 8
47 16
48 12
fl=./time/../sysdeps/unix/sysv/linux/clock_gettime.c
fn=clock_gettime@@GLIBC_2.17
30 169132
38 338264
40 338264
44 338264
68 338264
69 338264
fl=./wcsmbs/../sysdeps/x86_64/multiarch/ifunc-avx2.h
fn=wcschr
38 8
40 6
41 4
42 6
45 4
46 4
49 6
52 12
fn=wcscmp
38 4
40 3
41 2
42 3
45 2
46 2
49 3
52 6
fl=./wcsmbs/../sysdeps/x86_64/multiarch/ifunc-evex.h
fn=wmemchr
37 8
38 6
39 6
42 4
43 4
45 4
51 6
54 8
fl=./wcsmbs/../sysdeps/x86_64/multiarch/ifunc-memcmp.h
fn=wmemcmp
34 5
35 2
36 2
37 3
40 2
41 2
44 3
47 4
fl=./wcsmbs/../sysdeps/x86_64/multiarch/ifunc-wcs.h
fn=wcpncpy
39 4
40 3
41 3
44 2
45 3
48 4
fn=wcscat
39 4
40 3
41 3
44 2
45 3
48 4
fn=wcsncpy
39 4
40 3
41 3
44 2
45 3
48 4
fl=./wcsmbs/../sysdeps/x86_64/multiarch/ifunc-wcslen.h
fn=wcslen
40 4
41 2
42 3
45 2
46 2
49 3
52 3
fn=wcsnlen
40 4
41 2
42 3
45 2
46 2
49 3
52 3
fl=./wcsmbs/../sysdeps/x86_64/multiarch/ifunc-wmemset.h
fn=wmemset
36 10
37 6
fl=./wcsmbs/../sysdeps/x86_64/multiarch/wcpcpy.c
fn=wcpncpy
31 1
fl=./wcsmbs/../sysdeps/x86_64/multiarch/wcpncpy.c
fn=wcpncpy
31 1
fl=./wcsmbs/../sysdeps/x86_64/multiarch/wcscat.c
fn=wcscat
31 2
fn=wcschr
31 2
fl=./wcsmbs/../sysdeps/x86_64/multiarch/wcschr.c
fn=wcschr
31 4
fl=./wcsmbs/../sysdeps/x86_64/multiarch/wcscmp.c
fn=wcscmp
30 3
fl=./wcsmbs/../sysdeps/x86_64/multiarch/wcscpy.c
fn=wcscpy
42 4
43 2
44 3
46 2
47 3
50 3
60 2
fl=./wcsmbs/../sysdeps/x86_64/multiarch/wcslen.c
fn=wcslen
29 3
fl=./wcsmbs/../sysdeps/x86_64/multiarch/wcsncpy.c
fn=wcsncpy
31 2
fl=./wcsmbs/../sysdeps/x86_64/multiarch/wcsnlen.c
fn=wcsnlen
30 3
fl=./wcsmbs/../sysdeps/x86_64/multiarch/wmemchr.c
fn=wmemchr
31 4
fl=./wcsmbs/../sysdeps/x86_64/multiarch/wmemcmp.c
fn=wmemcmp
29 4
fl=./wcsmbs/../sysdeps/x86_64/multiarch/wmemset.c
fn=wmemset
31 4
fl=/home/john/.cargo/registry/src/index.crates.io-1949cf8c6b5b557f/rand-0.4.6/src/lib.rs
fn=<rand::ThreadRng as rand::Rng>::next_u64
907 51999784
908 12999946
909 51999784
fn=<rand::reseeding::ReseedingRng<R,Rsdr> as rand::Rng>::next_u64
854 9519
855 15865
fn=rand::StdRng::new
0 3174
794 38088
796 9522
806 25392
fn=rand::thread_rng
885 25999892
899 25999892
fn=std::sys::thread_local::native::lazy::Storage<T,D>::get_or_init_slow
888 3
889 4
fl=/home/john/.cargo/registry/src/index.crates.io-1949cf8c6b5b557f/rand-0.4.6/src/os.rs
fn=rand::StdRng::new
191 3174
217 12696
fn=rand::os::imp::getrandom_fill_bytes
0 31740
114 19044
126 31740
129 6348
131 6348
139 3174
142 25392
fn=std::sync::once::Once::call_once::{{closure}}
0 1
114 5
160 2
fl=/home/john/.cargo/registry/src/index.crates.io-1949cf8c6b5b557f/rand-0.4.6/src/prng/isaac64.rs
fn=<rand::reseeding::ReseedingRng<R,Rsdr> as rand::Rng>::next_u64
204 38999838
206 95216
208 26047500
213 25999892
fn=rand::StdRng::new
248 15870
256 12696
260 9522
261 9522
fn=rand::prng::isaac64::Isaac64Rng::init
0 6348
65 47610
91 6348
100 406272
101 406272
102 406272
103 406272
120 22218
fn=rand::prng::isaac64::Isaac64Rng::isaac64
124 101564
125 101564
127 50782
133 52000768
147 6500096
150 6500096
153 6500096
165 6500096
168 6500096
171 6500096
183 50782
184 50782
185 50782
186 101564
fl=/home/john/.cargo/registry/src/index.crates.io-1949cf8c6b5b557f/rand-0.4.6/src/rand_impls.rs
fn=rustgc::main
99 25999892
fl=/home/john/.cargo/registry/src/index.crates.io-1949cf8c6b5b557f/rand-0.4.6/src/reseeding.rs
fn=<rand::reseeding::ReseedingRng<R,Rsdr> as rand::Rng>::next_u64
0 3173
53 38999838
68 90999622
70 25999892
72 51999784
fl=/home/john/.rustup/toolchains/stable-x86_64-unknown-linux-gnu/lib/rustlib/src/rust/library/alloc/src/alloc.rs
fn=alloc::raw_vec::RawVecInner<A>::finish_grow
95 6
135 30
186 4
190 2
fn=alloc::rc::Rc<T,A>::drop_slow
115 4
fn=rustgc::main
0 4
95 3
115 13
178 3
fn=std::sys::thread_local::native::lazy::Storage<T,D>::get_or_init_slow
93 1
95 3
489 2
fl=/home/john/.rustup/toolchains/stable-x86_64-unknown-linux-gnu/lib/rustlib/src/rust/library/alloc/src/boxed.rs
fn=std::sys::thread_local::native::lazy::Storage<T,D>::get_or_init_slow
265 11
fl=/home/john/.rustup/toolchains/stable-x86_64-unknown-linux-gnu/lib/rustlib/src/rust/library/alloc/src/raw_vec/mod.rs
fn=alloc::raw_vec::RawVec<T,A>::grow_one
186 48
189 40
476 8
506 8
512 40
745 8
746 8
fn=alloc::raw_vec::RawVecInner<A>::finish_grow
0 24
527 64
547 16
548 16
551 48
617 16
fn=rustgc::gc::Memory::gc
0 84565
597 3713937397
fn=rustgc::gc::Memory::print_freelist
597 1
fn=rustgc::main
0 6
444 2
453 4
597 1
617 14
fl=/home/john/.rustup/toolchains/stable-x86_64-unknown-linux-gnu/lib/rustlib/src/rust/library/alloc/src/rc.rs
fn=alloc::rc::Rc<T,A>::drop_slow
387 2
391 1
3245 1
3563 1
3655 1
fn=rustgc::main
2471 12999946
fn=std::sys::thread_local::native::lazy::destroy
2471 1
2472 2
fl=/home/john/.rustup/toolchains/stable-x86_64-unknown-linux-gnu/lib/rustlib/src/rust/library/alloc/src/vec/into_iter.rs
fn=rustgc::main
507 2
515 2
fl=/home/john/.rustup/toolchains/stable-x86_64-unknown-linux-gnu/lib/rustlib/src/rust/library/alloc/src/vec/mod.rs
fn=rustgc::gc::Memory::gc
0 84573
1030 535073544
1033 1070147088
1034 27
1039 1070147087
1753 2643790309
2731 1605305197
2735 1070147088
2933 84566
fn=rustgc::gc::Memory::print_freelist
1753 1
fn=rustgc::main
0 205690308
1030 1
1033 2
1034 2
1039 2
1753 1247041973
2106 1
2153 1
3905 7
fl=/home/john/.rustup/toolchains/stable-x86_64-unknown-linux-gnu/lib/rustlib/src/rust/library/alloc/src/vec/spec_from_iter_nested.rs
fn=rustgc::main
0 3
24 6
26 1
27 1
36 4
41 5
42 4
fl=/home/john/.rustup/toolchains/stable-x86_64-unknown-linux-gnu/lib/rustlib/src/rust/library/core/src/alloc/layout.rs
fn=alloc::raw_vec::RawVecInner<A>::finish_grow
306 16
fl=/home/john/.rustup/toolchains/stable-x86_64-unknown-linux-gnu/lib/rustlib/src/rust/library/core/src/cell.rs
fn=<rand::ThreadRng as rand::Rng>::next_u64
2043 25999892
2424 12999946
fn=std::sys::thread_local::native::lazy::Storage<T,D>::get_or_init_slow
555 2
fl=/home/john/.rustup/toolchains/stable-x86_64-unknown-linux-gnu/lib/rustlib/src/rust/library/core/src/cmp.rs
fn=alloc::raw_vec::RawVec<T,A>::grow_one
1029 24
fn=rand::prng::isaac64::Isaac64Rng::init
0 507840
1908 304704
fn=rand::prng::isaac64::Isaac64Rng::isaac64
1908 4875072
fn=rustgc::gc::Memory::gc
1908 4752591640
fn=rustgc::main
1029 3
1908 655771421
fl=/home/john/.rustup/toolchains/stable-x86_64-unknown-linux-gnu/lib/rustlib/src/rust/library/core/src/intrinsics/mod.rs
fn=alloc::raw_vec::RawVecInner<A>::finish_grow
458 24
fn=rand::thread_rng
458 12999946
fn=rustgc::main
458 3
fl=/home/john/.rustup/toolchains/stable-x86_64-unknown-linux-gnu/lib/rustlib/src/rust/library/core/src/iter/adapters/map.rs
fn=rustgc::main
0 6
128 4
fl=/home/john/.rustup/toolchains/stable-x86_64-unknown-linux-gnu/lib/rustlib/src/rust/library/core/src/iter/range.rs
fn=rand::prng::isaac64::Isaac64Rng::init
0 6348
772 206310
fn=rand::prng::isaac64::Isaac64Rng::isaac64
0 101564
772 3250048
fn=rustgc::gc::Memory::gc
0 676520
772 2643790310
fn=rustgc::main
0 77300550
772 295491543
fl=/home/john/.rustup/toolchains/stable-x86_64-unknown-linux-gnu/lib/rustlib/src/rust/library/core/src/iter/traits/accum.rs
fn=rustgc::main
53 6247
fl=/home/john/.rustup/toolchains/stable-x86_64-unknown-linux-gnu/lib/rustlib/src/rust/library/core/src/iter/traits/iterator.rs
fn=rustgc::main
0 12499
226 3
229 6250
2609 12499
fl=/home/john/.rustup/toolchains/stable-x86_64-unknown-linux-gnu/lib/rustlib/src/rust/library/core/src/mem/mod.rs
fn=<rand::ThreadRng as rand::Rng>::next_u64
901 25999892
fn=alloc::rc::Rc<T,A>::drop_slow
901 1
fn=rand::thread_rng
901 12999946
fn=rustgc::main
901 12999946
fn=std::sync::once::Once::call_once::{{closure}}
900 1
901 1
fn=std::sys::thread_local::native::lazy::Storage<T,D>::get_or_init_slow
900 4
901 2
fn=std::sys::thread_local::native::lazy::destroy
900 1
901 2
fl=/home/john/.rustup/toolchains/stable-x86_64-unknown-linux-gnu/lib/rustlib/src/rust/library/core/src/num/uint_macros.rs
fn=alloc::raw_vec::RawVecInner<A>::finish_grow
0 24
1151 6
2970 24
fn=rand::prng::isaac64::Isaac64Rng::init
1835 812544
2020 1523520
2376 3554880
2413 1625088
fn=rand::prng::isaac64::Isaac64Rng::isaac64
0 101564
1835 13000192
2020 13000192
2376 52102332
fn=rustgc::gc::Memory::allocate_object_nocompress
842 2468683472
fn=rustgc::main
0 12900000
842 5804578560
1151 7
2970 2
fl=/home/john/.rustup/toolchains/stable-x86_64-unknown-linux-gnu/lib/rustlib/src/rust/library/core/src/num/wrapping.rs
fn=rand::prng::isaac64::Isaac64Rng::init
443 2132928
fn=rand::prng::isaac64::Isaac64Rng::isaac64
429 6500096
443 9750144
fl=/home/john/.rustup/toolchains/stable-x86_64-unknown-linux-gnu/lib/rustlib/src/rust/library/core/src/ops/function.rs
fn=std::sys::backtrace::__rust_begin_short_backtrace
250 1
fl=/home/john/.rustup/toolchains/stable-x86_64-unknown-linux-gnu/lib/rustlib/src/rust/library/core/src/option.rs
fn=std::sync::once::Once::call_once::{{closure}}
0 1
1014 2
fn=std::sys::thread_local::native::lazy::Storage<T,D>::get_or_init_slow
1545 2
fl=/home/john/.rustup/toolchains/stable-x86_64-unknown-linux-gnu/lib/rustlib/src/rust/library/core/src/ptr/const_ptr.rs
fn=rand::thread_rng
268 2
fn=rustgc::main
729 7
fl=/home/john/.rustup/toolchains/stable-x86_64-unknown-linux-gnu/lib/rustlib/src/rust/library/core/src/ptr/mod.rs
fn=rand::StdRng::new
805 6348
fn=rustgc::gc::Memory::gc
1710 535073544
1910 535073544
fn=rustgc::main
0 1
638 2
805 16
1910 5
fl=/home/john/.rustup/toolchains/stable-x86_64-unknown-linux-gnu/lib/rustlib/src/rust/library/core/src/ptr/non_null.rs
fn=<rand::ThreadRng as rand::Rng>::next_u64
445 12999946
fn=rustgc::main
445 12999946
1692 1
fn=std::sys::thread_local::native::lazy::destroy
445 1
fl=/home/john/.rustup/toolchains/stable-x86_64-unknown-linux-gnu/lib/rustlib/src/rust/library/core/src/result.rs
fn=alloc::raw_vec::RawVec<T,A>::grow_one
2173 16
2174 8
fn=rustgc::main
594 10
fl=/home/john/.rustup/toolchains/stable-x86_64-unknown-linux-gnu/lib/rustlib/src/rust/library/core/src/slice/cmp.rs
fn=rustgc::main
152 10
fl=/home/john/.rustup/toolchains/stable-x86_64-unknown-linux-gnu/lib/rustlib/src/rust/library/core/src/slice/index.rs
fn=rustgc::gc::Memory::allocate_object_nocompress
101 1234341736
272 1855460058
278 1193335618
fn=rustgc::gc::Memory::gc
0 535073544
272 9929587498
278 135789620
fn=rustgc::gc::Memory::print_freelist
272 4
fn=rustgc::main
0 702
89 12800183
101 99817
272 3770340616
fl=/home/john/.rustup/toolchains/stable-x86_64-unknown-linux-gnu/lib/rustlib/src/rust/library/core/src/slice/iter/macros.rs
fn=rustgc::main
0 4
180 1
384 1
fl=/home/john/.rustup/toolchains/stable-x86_64-unknown-linux-gnu/lib/rustlib/src/rust/library/core/src/slice/specialize.rs
fn=rustgc::gc::Memory::allocate_object_nocompress
0 591480771
60 1851512604
fn=rustgc::gc::Memory::gc
60 338264
fl=/home/john/.rustup/toolchains/stable-x86_64-unknown-linux-gnu/lib/rustlib/src/rust/library/core/src/sync/atomic.rs
fn=rand::StdRng::new
729 3174
4027 3174
4028 3174
fn=std::sync::once::Once::call_once::{{closure}}
4012 1
fl=/home/john/.rustup/toolchains/stable-x86_64-unknown-linux-gnu/lib/rustlib/src/rust/library/core/src/time.rs
fn=rustgc::gc::Memory::gc
594 338264
595 169132
fl=/home/john/.rustup/toolchains/stable-x86_64-unknown-linux-gnu/lib/rustlib/src/rust/library/std/src/rt.rs
fn=std::rt::lang_start::{{closure}}
206 7
fl=/home/john/.rustup/toolchains/stable-x86_64-unknown-linux-gnu/lib/rustlib/src/rust/library/std/src/sync/once.rs
fn=rand::StdRng::new
154 3174
158 2
159 7
fn=std::sync::once::Once::call_once::{{closure}}
159 7
fl=/home/john/.rustup/toolchains/stable-x86_64-unknown-linux-gnu/lib/rustlib/src/rust/library/std/src/sys/backtrace.rs
fn=std::sys::backtrace::__rust_begin_short_backtrace
162 2
172 2
fl=/home/john/.rustup/toolchains/stable-x86_64-unknown-linux-gnu/lib/rustlib/src/rust/library/std/src/sys/sync/once/futex.rs
fn=rand::StdRng::new
82 3174
fl=/home/john/.rustup/toolchains/stable-x86_64-unknown-linux-gnu/lib/rustlib/src/rust/library/std/src/sys/thread_local/native/lazy.rs
fn=rand::thread_rng
59 25999892
62 3
fn=std::sys::thread_local::native::lazy::Storage<T,D>::get_or_init_slow
0 1
17 3
69 10
74 1
88 3
102 6
fn=std::sys::thread_local::native::lazy::destroy
112 2
116 2
fl=/home/john/.rustup/toolchains/stable-x86_64-unknown-linux-gnu/lib/rustlib/src/rust/library/std/src/sys/thread_local/native/mod.rs
fn=rand::thread_rng
97 38999838
fl=/home/john/.rustup/toolchains/stable-x86_64-unknown-linux-gnu/lib/rustlib/src/rust/library/std/src/thread/local.rs
fn=rand::thread_rng
513 12999946
fl=/home/john/dev/rustgc/src/gc/mod.rs
fn=rustgc::gc::Memory::allocate_object_nocompress
0 5963600663
166 1851766296
169 766008697
172 1182961542
179 200411414
182 10374076
198 4938043456
202 1506186552
204 2259026136
206 617170868
207 51380194
208 41006118
213 5187038
214 25690097
218 1182961542
221 591480771
223 591480771
224 1182961542
230 1182961542
231 19209891
247 25999970
250 12806594
253 6403297
255 591480771
262 5555298888
fn=rustgc::gc::Memory::gc
0 1160713135
169 1785929896
172 591480771
175 1785929896
182 169694742
185 2140294176
191 37360412142
264 761094
265 253698
267 84565
270 84566
271 169132
274 253698
275 84566
276 169132
277 169132
283 676528
286 84566
289 1014792
290 84566
291 2321088006
292 2856161550
294 1070147088
296 1250940918
297 1284930606
298 84566
302 1250771786
303 591480771
315 169132
318 169132
324 338260
329 2140294176
335 2108632200
336 5986093506
fn=rustgc::gc::Memory::print_freelist
0 6
169 2
179 3
388 9
389 6
390 2
391 1
392 1
393 4
396 2
397 15
398 2
399 3
400 2
404 8
408 8
fn=rustgc::main
0 848619676
50 25000
52 1
56 32654
60 12500
74 8
79 4
97 10
108 617170869
109 1851512603
110 1234341736
111 169128
112 253692
113 169128
130 1
135 2057102962
136 205690307
137 1234241788
138 3291344879
139 99817
142 641083649
143 204102669
144 626695828
145 2902188467
148 842210863
172 2
175 13196
179 1404
182 2
344 23
fl=/home/john/dev/rustgc/src/main.rs
fn=rustgc::gc::Memory::allocate_object_nocompress
0 25690097
fn=rustgc::main
0 205690464
12 17
14 3
16 3
18 7
19 6
20 1
55 2
60 5
61 200001
62 200000
63 77400000
70 411380614
71 408205338
74 408205338
77 408205338
81 408205338
97 400000
98 600000
99 70
100 40
101 10
105 800000
106 3
110 3
113 1
115 9
118 1
120 9
122 9
123 1
125 8
fl=/home/john/dev/rustgc/src/rnd/mod.rs
fn=rustgc::main
0 99947
4 25999897
5 103299946
fl=/rustc/e408947bfd200af42db322daf0fadfe7e26d3bd1/library/alloc/src/alloc.rs
fn=core::ptr::drop_in_place<std::io::buffered::linewriter::LineWriter<std::io::stdio::StdoutRaw>>
115 9
fn=std::env::args_os
95 12
fn=std::sync::once::Once::call_once_force::{{closure}}
95 3
fn=std::sys::pal::unix::stack_overflow::imp::drop_handler
0 1
115 4
fn=std::sys::pal::unix::stack_overflow::thread_info::set_current_info
0 1
95 6
190 2
fl=/rustc/e408947bfd200af42db322daf0fadfe7e26d3bd1/library/alloc/src/boxed.rs
fn=std::sys::pal::unix::stack_overflow::thread_info::set_current_info
0 1
549 2
fl=/rustc/e408947bfd200af42db322daf0fadfe7e26d3bd1/library/alloc/src/collections/btree/fix.rs
fn=alloc::collections::btree::remove::<impl alloc::collections::btree::node::Handle<alloc::collections::btree::node::NodeRef<alloc::collections::btree::node::marker::Mut,K,V,alloc::collections::btree::node::marker::Leaf>,alloc::collections::btree::node::marker::KV>>::remove_leaf_kv
0 3
fl=/rustc/e408947bfd200af42db322daf0fadfe7e26d3bd1/library/alloc/src/collections/btree/map.rs
fn=std::sys::pal::unix::stack_overflow::thread_info::set_current_info
1348 3
fl=/rustc/e408947bfd200af42db322daf0fadfe7e26d3bd1/library/alloc/src/collections/btree/map/entry.rs
fn=std::sys::pal::unix::stack_overflow::imp::drop_handler
607 1
608 2
612 1
613 2
fn=std::sys::pal::unix::stack_overflow::thread_info::set_current_info
0 1
422 1
fl=/rustc/e408947bfd200af42db322daf0fadfe7e26d3bd1/library/alloc/src/collections/btree/node.rs
fn=alloc::collections::btree::remove::<impl alloc::collections::btree::node::Handle<alloc::collections::btree::node::NodeRef<alloc::collections::btree::node::marker::Mut,K,V,alloc::collections::btree::node::marker::Leaf>,alloc::collections::btree::node::marker::KV>>::remove_leaf_kv
0 2
290 1
314 1
338 2
880 3
1272 1
1274 2
1275 1
1845 3
fn=std::sys::pal::unix::stack_overflow::imp::drop_handler
396 1
641 1
731 2
fn=std::sys::pal::unix::stack_overflow::thread_info::set_current_info
671 1
fl=/rustc/e408947bfd200af42db322daf0fadfe7e26d3bd1/library/alloc/src/collections/btree/remove.rs
fn=alloc::collections::btree::remove::<impl alloc::collections::btree::node::Handle<alloc::collections::btree::node::NodeRef<alloc::collections::btree::node::marker::Mut,K,V,alloc::collections::btree::node::marker::Leaf>,alloc::collections::btree::node::marker::KV>>::remove_leaf_kv
26 11
33 2
59 4
74 12
75 8
fn=std::sys::pal::unix::stack_overflow::imp::drop_handler
19 7
fl=/rustc/e408947bfd200af42db322daf0fadfe7e26d3bd1/library/alloc/src/collections/btree/search.rs
fn=std::sys::pal::unix::stack_overflow::imp::drop_handler
0 1
57 3
225 3
226 8
fl=/rustc/e408947bfd200af42db322daf0fadfe7e26d3bd1/library/alloc/src/raw_vec/mod.rs
fn=<std::io::stdio::StdoutLock as std::io::Write>::write_all
597 39
602 79
fn=core::ptr::drop_in_place<std::io::buffered::linewriter::LineWriter<std::io::stdio::StdoutRaw>>
617 2
fn=std::env::args_os
0 4
444 4
453 4
fn=std::sync::once::Once::call_once_force::{{closure}}
0 1
453 2
fl=/rustc/e408947bfd200af42db322daf0fadfe7e26d3bd1/library/alloc/src/string.rs
fn=<std::env::Args as core::iter::traits::iterator::Iterator>::next
561 5
fl=/rustc/e408947bfd200af42db322daf0fadfe7e26d3bd1/library/alloc/src/sync.rs
fn=std::io::stdio::print_to_buffer_if_capture_used
0 22
fl=/rustc/e408947bfd200af42db322daf0fadfe7e26d3bd1/library/alloc/src/vec/into_iter.rs
fn=<std::env::Args as core::iter::traits::iterator::Iterator>::next
224 2
228 1
fl=/rustc/e408947bfd200af42db322daf0fadfe7e26d3bd1/library/alloc/src/vec/mod.rs
fn=<std::io::stdio::StdoutLock as std::io::Write>::write_all
0 27
1753 70
2106 149
2933 13
fn=std::env::args_os
967 2
1033 3
fl=/rustc/e408947bfd200af42db322daf0fadfe7e26d3bd1/library/core/src/cell.rs
fn=<&std::io::stdio::Stdout as std::io::Write>::flush
555 10
2043 20
2424 10
fn=<&std::io::stdio::Stdout as std::io::Write>::write_fmt
555 22
fn=<std::io::stdio::StdoutLock as std::io::Write>::write_all
0 140
2043 140
fn=std::rt::lang_start_internal
555 1
fn=std::sync::once::Once::call_once::{{closure}}
555 1
2043 2
fn=std::sys::pal::unix::stack_overflow::thread_info::set_current_info
555 1
fn=std::sys::sync::once::futex::Once::call
555 3
fl=/rustc/e408947bfd200af42db322daf0fadfe7e26d3bd1/library/core/src/cmp.rs
fn=std::env::args_os
1908 4
fn=std::sys::pal::unix::stack_overflow::imp::drop_handler
1029 3
2003 3
fn=std::sys::pal::unix::stack_overflow::imp::make_handler
1029 3
fn=std::sys::pal::unix::time::Timespec::sub_timespec
530 169132
1992 169132
fl=/rustc/e408947bfd200af42db322daf0fadfe7e26d3bd1/library/core/src/ffi/c_str.rs
fn=std::env::args_os
756 3
fl=/rustc/e408947bfd200af42db322daf0fadfe7e26d3bd1/library/core/src/fmt/mod.rs
fn=core::fmt::Formatter::pad_integral
0 120
1825 330
1829 60
1832 120
1837 90
1854 30
1855 60
1857 240
1858 360
2309 120
fn=core::fmt::Formatter::pad_integral::write_prefix
0 30
1846 270
1847 60
1850 60
1851 180
fn=core::fmt::write
0 290
577 150
878 44
883 3
1630 242
1632 36
1652 172
1655 134
1664 148
1665 120
1739 152
fl=/rustc/e408947bfd200af42db322daf0fadfe7e26d3bd1/library/core/src/fmt/num.rs
fn=core::fmt::num::<impl core::fmt::Display for u128>::fmt
618 12
622 20
623 10
650 6
fn=core::fmt::num::<impl u128>::_fmt_inner
0 20
655 18
658 6
684 8
694 1
695 2
698 6
699 4
700 3
701 4
705 5
721 4
728 2
733 8
737 18
852 8
fn=core::fmt::num::imp::<impl core::fmt::Display for u64>::fmt
135 168
143 252
151 140
185 56
fn=core::fmt::num::imp::<impl u64>::_fmt_inner
0 292
190 252
198 161
209 42
210 42
213 163
214 105
215 105
216 105
220 76
227 1
231 4
232 4
236 84
243 26
248 130
253 168
fl=/rustc/e408947bfd200af42db322daf0fadfe7e26d3bd1/library/core/src/fmt/rt.rs
fn=core::fmt::write
144 30
152 60
fl=/rustc/e408947bfd200af42db322daf0fadfe7e26d3bd1/library/core/src/intrinsics/mod.rs
fn=std::env::args_os
458 2
fn=std::rt::lang_start_internal
458 1
fl=/rustc/e408947bfd200af42db322daf0fadfe7e26d3bd1/library/core/src/iter/range.rs
fn=std::env::args_os
0 8
772 2
fl=/rustc/e408947bfd200af42db322daf0fadfe7e26d3bd1/library/core/src/mem/maybe_uninit.rs
fn=core::fmt::num::<impl u128>::_fmt_inner
0 2
564 6
fn=core::fmt::num::imp::<impl u64>::_fmt_inner
564 114
fn=std::sync::once::Once::call_once_force::{{closure}}
564 7
fn=std::sys::pal::unix::stack_overflow::thread_info::set_current_info
564 10
fl=/rustc/e408947bfd200af42db322daf0fadfe7e26d3bd1/library/core/src/mem/mod.rs
fn=<&std::io::stdio::Stdout as std::io::Write>::flush
901 20
fn=<std::io::stdio::StdoutLock as std::io::Write>::write_all
901 140
fn=std::rt::lang_start_internal
0 3
901 1
fn=std::sync::once::Once::call_once::{{closure}}
900 1
901 3
fn=std::sync::once::Once::call_once_force::{{closure}}
900 1
901 1
fl=/rustc/e408947bfd200af42db322daf0fadfe7e26d3bd1/library/core/src/num/mod.rs
fn=core::slice::memchr::memrchr
0 138
1299 198
fl=/rustc/e408947bfd200af42db322daf0fadfe7e26d3bd1/library/core/src/num/uint_macros.rs
fn=core::slice::memchr::memrchr
0 66
842 66
fn=core::str::converts::from_utf8
2413 2
fn=std::env::args_os
2970 2
fn=std::rt::lang_start_internal
688 2
fl=/rustc/e408947bfd200af42db322daf0fadfe7e26d3bd1/library/core/src/ops/function.rs
fn=std::rt::lang_start_internal
287 1
fl=/rustc/e408947bfd200af42db322daf0fadfe7e26d3bd1/library/core/src/option.rs
fn=<&std::io::stdio::Stdout as std::io::Write>::flush
1065 20
fn=<&std::io::stdio::Stdout as std::io::Write>::write_fmt
1065 44
fn=<std::env::Args as core::iter::traits::iterator::Iterator>::next
1164 2
1165 3
1166 2
fn=alloc::collections::btree::remove::<impl alloc::collections::btree::node::Handle<alloc::collections::btree::node::NodeRef<alloc::collections::btree::node::marker::Mut,K,V,alloc::collections::btree::node::marker::Leaf>,alloc::collections::btree::node::marker::KV>>::remove_leaf_kv
745 4
fn=std::rt::lang_start_internal
1065 2
fn=std::sync::once::Once::call_once::{{closure}}
1014 2
1065 2
fn=std::sync::once::Once::call_once_force::{{closure}}
1014 2
fn=std::sys::pal::unix::stack_overflow::imp::drop_handler
767 3
fn=std::sys::pal::unix::stack_overflow::thread_info::set_current_info
1165 1
1726 2
fl=/rustc/e408947bfd200af42db322daf0fadfe7e26d3bd1/library/core/src/ptr/metadata.rs
fn=std::rt::lang_start_internal
133 1
fl=/rustc/e408947bfd200af42db322daf0fadfe7e26d3bd1/library/core/src/ptr/mod.rs
fn=<&std::io::stdio::Stdout as std::io::Write>::write_fmt
0 22
805 22
fn=<std::env::Args as core::iter::traits::iterator::Iterator>::next
1710 1
fn=<std::io::stdio::StdoutLock as std::io::Write>::write_all
547 237
fn=alloc::collections::btree::remove::<impl alloc::collections::btree::node::Handle<alloc::collections::btree::node::NodeRef<alloc::collections::btree::node::marker::Mut,K,V,alloc::collections::btree::node::marker::Leaf>,alloc::collections::btree::node::marker::KV>>::remove_leaf_kv
638 7
1710 10
fn=core::fmt::write
1710 153
fn=core::ptr::drop_in_place<std::io::buffered::linewriter::LineWriter<std::io::stdio::StdoutRaw>>
805 12
fn=core::slice::memchr::memrchr
2285 140
2286 210
fn=std::env::args_os
547 4
1710 1
1910 3
fn=std::io::buffered::bufwriter::BufWriter<W>::flush_buf
0 1
fn=std::rt::lang_start_internal
709 17
fn=std::sys::pal::unix::stack_overflow::imp::drop_handler
0 1
805 14
fn=std::sys::pal::unix::stack_overflow::imp::make_handler
709 5
fn=std::sys::pal::unix::stack_overflow::thread_info::set_current_info
0 2
547 1
805 8
1910 1
fl=/rustc/e408947bfd200af42db322daf0fadfe7e26d3bd1/library/core/src/ptr/mut_ptr.rs
fn=<std::io::stdio::StdoutLock as std::io::Write>::write_all
961 79
fn=alloc::collections::btree::remove::<impl alloc::collections::btree::node::Handle<alloc::collections::btree::node::NodeRef<alloc::collections::btree::node::marker::Mut,K,V,alloc::collections::btree::node::marker::Leaf>,alloc::collections::btree::node::marker::KV>>::remove_leaf_kv
961 8
fn=std::env::args_os
961 2
fn=std::sys::pal::unix::stack_overflow::imp::drop_handler
1072 1
fn=std::sys::pal::unix::stack_overflow::imp::make_handler
961 1
fl=/rustc/e408947bfd200af42db322daf0fadfe7e26d3bd1/library/core/src/ptr/non_null.rs
fn=<std::env::Args as core::iter::traits::iterator::Iterator>::next
660 1
1692 4
fn=core::fmt::write
660 194
fn=core::slice::memchr::memrchr
1692 658
fn=std::rt::lang_start_internal
660 3
1692 4
fn=std::sys::pal::unix::stack_overflow::imp::drop_handler
1692 1
fl=/rustc/e408947bfd200af42db322daf0fadfe7e26d3bd1/library/core/src/result.rs
fn=<std::io::stdio::StdoutLock as std::io::Write>::write_all
0 26
2173 27
fn=core::fmt::Formatter::pad_integral
2173 60
fn=core::fmt::write
2173 171
fn=std::sys::pal::unix::stack_overflow::thread_info::set_current_info
2173 2
fn=std::sys::pal::unix::time::Timespec::now
1231 338264
fn=std::time::SystemTime::elapsed
0 253698
966 84566
fl=/rustc/e408947bfd200af42db322daf0fadfe7e26d3bd1/library/core/src/slice/index.rs
fn=<std::io::stdio::StdoutLock as std::io::Write>::write_all
89 8
568 12
fn=core::fmt::num::<impl core::fmt::Display for u128>::fmt
89 4
410 2
fn=core::fmt::num::imp::<impl core::fmt::Display for u64>::fmt
89 56
410 28
fn=core::slice::memchr::memrchr
0 51
568 51
fn=std::io::buffered::bufwriter::BufWriter<W>::flush_buf
89 19
573 57
919 38
fl=/rustc/e408947bfd200af42db322daf0fadfe7e26d3bd1/library/core/src/slice/iter/macros.rs
fn=core::slice::memchr::memrchr
0 158
25 447
405 210
406 179
407 473
fn=std::rt::lang_start_internal
180 4
fn=std::sys::pal::unix::stack_overflow::imp::drop_handler
180 1
fl=/rustc/e408947bfd200af42db322daf0fadfe7e26d3bd1/library/core/src/slice/memchr.rs
fn=core::slice::memchr::memrchr
0 66
19 42
111 420
128 102
132 290
142 144
146 12
150 6
151 6
152 24
160 358
161 490
fl=/rustc/e408947bfd200af42db322daf0fadfe7e26d3bd1/library/core/src/slice/mod.rs
fn=<std::io::stdio::StdoutLock as std::io::Write>::write_all
282 114
2154 26
fn=core::slice::memchr::memrchr
2053 102
4252 51
4298 140
fl=/rustc/e408947bfd200af42db322daf0fadfe7e26d3bd1/library/core/src/str/converts.rs
fn=core::str::converts::from_utf8
0 1
89 5
94 4
98 4
fl=/rustc/e408947bfd200af42db322daf0fadfe7e26d3bd1/library/core/src/str/validations.rs
fn=core::str::converts::from_utf8
0 8
133 3
145 2
164 1
165 2
222 2
224 4
233 1
234 3
238 1
241 31
242 7
fl=/rustc/e408947bfd200af42db322daf0fadfe7e26d3bd1/library/core/src/sync/atomic.rs
fn=<&std::io::stdio::Stdout as std::io::Write>::flush
4012 30
4027 10
4045 10
4112 20
fn=<&std::io::stdio::Stdout as std::io::Write>::write_fmt
4012 66
4027 22
4045 22
4112 44
fn=std::env::args_os
4027 3
fn=std::io::stdio::_print
4028 22
fn=std::io::stdio::print_to_buffer_if_capture_used
4027 22
fn=std::io::stdio::stdout
4028 10
fn=std::rt::lang_start_internal
0 6
4012 8
4013 1
4027 4
4028 1
4112 2
4168 1
fn=std::sync::once::Once::call_once::{{closure}}
4012 3
4027 2
4028 1
4045 1
4112 2
fn=std::sync::once_lock::OnceLock<T>::initialize
4028 1
fn=std::sys::args::unix::imp::ARGV_INIT_ARRAY::init_wrapper
4012 2
fn=std::sys::pal::unix::stack_overflow::imp::drop_handler
4013 1
4027 5
4112 4
fn=std::sys::pal::unix::stack_overflow::imp::make_handler
4027 1
4028 1
fn=std::sys::pal::unix::stack_overflow::thread_info::set_current_info
4013 1
4027 9
4112 4
fn=std::sys::sync::once::futex::Once::call
0 3
4028 12
4045 3
4180 5
fl=/rustc/e408947bfd200af42db322daf0fadfe7e26d3bd1/library/core/src/time.rs
fn=std::sys::pal::unix::time::Timespec::sub_timespec
195 169132
fl=/rustc/e408947bfd200af42db322daf0fadfe7e26d3bd1/library/std/src/alloc.rs
fn=__rustc::__rdl_alloc
450 9
fn=__rustc::__rdl_alloc_zeroed
482 6
fn=__rustc::__rdl_realloc
467 48
fl=/rustc/e408947bfd200af42db322daf0fadfe7e26d3bd1/library/std/src/env.rs
fn=<std::env::Args as core::iter::traits::iterator::Iterator>::next
870 18
871 3
872 16
fn=std::env::args
821 5
822 1
823 5
fn=std::env::args_os
856 8
857 4
858 9
fl=/rustc/e408947bfd200af42db322daf0fadfe7e26d3bd1/library/std/src/io/buffered/bufwriter.rs
fn=<&std::io::stdio::Stdout as std::io::Write>::flush
644 10
fn=<std::io::stdio::StdoutLock as std::io::Write>::write_all
0 79
447 79
453 79
538 158
fn=core::ptr::drop_in_place<std::io::buffered::linewriter::LineWriter<std::io::stdio::StdoutRaw>>
0 3
675 2
677 2
fn=std::io::buffered::bufwriter::BufWriter<W>::flush_buf
0 247
195 180
216 19
221 58
228 19
234 40
235 19
237 38
239 38
250 19
252 160
fl=/rustc/e408947bfd200af42db322daf0fadfe7e26d3bd1/library/std/src/io/buffered/linewriter.rs
fn=std::sync::once::Once::call_once::{{closure}}
110 4
fl=/rustc/e408947bfd200af42db322daf0fadfe7e26d3bd1/library/std/src/io/buffered/linewritershim.rs
fn=<std::io::stdio::StdoutLock as std::io::Write>::write_all
47 78
269 280
278 13
280 52
290 9
fl=/rustc/e408947bfd200af42db322daf0fadfe7e26d3bd1/library/std/src/io/mod.rs
fn=<&std::io::stdio::Stdout as std::io::Write>::write_fmt
0 44
638 66
639 154
fn=<std::io::default_write_fmt::Adapter<T> as core::fmt::Write>::write_str
627 490
628 490
635 420
fn=<std::io::stdio::StdoutLock as std::io::Write>::write_all
0 12
1876 20
fl=/rustc/e408947bfd200af42db322daf0fadfe7e26d3bd1/library/std/src/io/stdio.rs
fn=<&std::io::stdio::Stdout as std::io::Write>::flush
769 10
824 40
825 10
826 40
fn=<&std::io::stdio::Stdout as std::io::Write>::write_fmt
769 22
833 198
834 88
835 154
fn=<std::io::stdio::Stdout as std::io::Write>::flush
798 30
799 30
800 30
fn=<std::io::stdio::StdoutLock as std::io::Write>::write_all
859 560
860 83
861 560
fn=std::io::stdio::_print
808 110
1159 66
1164 110
1274 220
1276 110
fn=std::io::stdio::print_to_buffer_if_capture_used
1169 176
1170 44
1180 176
fn=std::io::stdio::stdout
721 20
fn=std::sync::once::Once::call_once::{{closure}}
727 1
733 2
739 6
fl=/rustc/e408947bfd200af42db322daf0fadfe7e26d3bd1/library/std/src/panicking.rs
fn=std::sys::pal::unix::stack_overflow::imp::drop_handler
0 1
464 3
fn=std::sys::pal::unix::stack_overflow::thread_info::set_current_info
0 1
464 3
fl=/rustc/e408947bfd200af42db322daf0fadfe7e26d3bd1/library/std/src/rt.rs
fn=std::rt::lang_start_internal
152 13
185 1
195 9
fl=/rustc/e408947bfd200af42db322daf0fadfe7e26d3bd1/library/std/src/sync/once.rs
fn=std::rt::lang_start_internal
154 1
158 2
159 8
fn=std::sync::once::Once::call_once::{{closure}}
159 9
fn=std::sync::once::Once::call_once_force::{{closure}}
219 9
fn=std::sync::once_lock::OnceLock<T>::initialize
214 1
218 6
219 9
fl=/rustc/e408947bfd200af42db322daf0fadfe7e26d3bd1/library/std/src/sync/once_lock.rs
fn=std::io::stdio::_print
156 22
410 2
fn=std::io::stdio::stdout
156 10
fn=std::sync::once::Once::call_once::{{closure}}
156 1
fn=std::sync::once_lock::OnceLock<T>::initialize
557 4
fl=/rustc/e408947bfd200af42db322daf0fadfe7e26d3bd1/library/std/src/sync/poison.rs
fn=std::sys::pal::unix::stack_overflow::imp::drop_handler
0 3
123 4
fn=std::sys::pal::unix::stack_overflow::thread_info::set_current_info
0 3
123 5
fl=/rustc/e408947bfd200af42db322daf0fadfe7e26d3bd1/library/std/src/sync/reentrant_lock.rs
fn=<&std::io::stdio::Stdout as std::io::Write>::flush
0 10
101 10
290 10
296 10
425 10
426 10
fn=<&std::io::stdio::Stdout as std::io::Write>::write_fmt
0 88
101 22
290 22
296 22
425 22
426 22
fn=<std::io::stdio::StdoutLock as std::io::Write>::write_all
401 70
fn=std::sync::once::Once::call_once::{{closure}}
0 2
101 1
337 1
340 1
425 1
426 1
fl=/rustc/e408947bfd200af42db322daf0fadfe7e26d3bd1/library/std/src/sys/alloc/unix.rs
fn=__rustc::__rdl_alloc
13 54
14 18
fn=__rustc::__rdl_alloc_zeroed
35 6
36 7
fn=__rustc::__rdl_dealloc
48 9
fn=__rustc::__rdl_realloc
53 36
54 48
fl=/rustc/e408947bfd200af42db322daf0fadfe7e26d3bd1/library/std/src/sys/args/unix.rs
fn=std::env::args_os
0 4
42 2
61 4
145 2
fn=std::sys::args::unix::imp::ARGV_INIT_ARRAY::init_wrapper
131 1
132 1
fl=/rustc/e408947bfd200af42db322daf0fadfe7e26d3bd1/library/std/src/sys/exit_guard.rs
fn=std::rt::lang_start_internal
37 2
38 1
fl=/rustc/e408947bfd200af42db322daf0fadfe7e26d3bd1/library/std/src/sys/fd/unix.rs
fn=<std::io::stdio::StdoutLock as std::io::Write>::write_all
346 16
fn=std::io::buffered::bufwriter::BufWriter<W>::flush_buf
346 76
fl=/rustc/e408947bfd200af42db322daf0fadfe7e26d3bd1/library/std/src/sys/pal/unix/mod.rs
fn=<std::io::stdio::StdoutLock as std::io::Write>::write_all
245 16
fn=std::io::buffered::bufwriter::BufWriter<W>::flush_buf
235 19
245 19
fn=std::rt::lang_start_internal
0 4
95 6
101 6
118 9
172 5
183 4
fn=std::sys::pal::unix::time::Timespec::now
235 169132
245 169132
fl=/rustc/e408947bfd200af42db322daf0fadfe7e26d3bd1/library/std/src/sys/pal/unix/os.rs
fn=std::rt::lang_start_internal
401 2
fl=/rustc/e408947bfd200af42db322daf0fadfe7e26d3bd1/library/std/src/sys/pal/unix/stack_overflow.rs
fn=std::rt::lang_start_internal
0 3
168 6
170 4
171 4
174 2
179 3
183 2
184 6
188 6
372 5
373 5
375 4
376 2
377 2
380 2
383 4
398 10
399 5
444 2
fn=std::sync::once::Once::call_once::{{closure}}
202 1
fn=std::sys::pal::unix::stack_overflow::imp::drop_handler
0 1
284 8
285 2
288 4
298 2
301 4
305 8
310 2
fn=std::sys::pal::unix::stack_overflow::imp::make_handler
0 1
227 6
229 1
235 2
238 4
239 2
250 6
251 2
255 2
264 2
266 2
269 4
270 2
272 2
276 7
310 2
fl=/rustc/e408947bfd200af42db322daf0fadfe7e26d3bd1/library/std/src/sys/pal/unix/stack_overflow/thread_info.rs
fn=std::sys::pal::unix::stack_overflow::imp::drop_handler
96 1
126 3
fn=std::sys::pal::unix::stack_overflow::thread_info::set_current_info
0 1
96 1
112 10
116 3
123 8
fl=/rustc/e408947bfd200af42db322daf0fadfe7e26d3bd1/library/std/src/sys/pal/unix/time.rs
fn=std::sys::pal::unix::time::Timespec::now
111 845660
143 169132
144 338264
146 676528
fn=std::sys::pal::unix::time::Timespec::sub_timespec
0 84566
26 591962
148 507396
155 169132
156 676528
172 253698
179 338264
fn=std::time::SystemTime::elapsed
43 169132
47 84566
fn=std::time::SystemTime::now
43 169132
fl=/rustc/e408947bfd200af42db322daf0fadfe7e26d3bd1/library/std/src/sys/pal/unix/weak/syscall.rs
fn=std::sys::pal::unix::stack_overflow::thread_info::set_current_info
12 2
13 3
fl=/rustc/e408947bfd200af42db322daf0fadfe7e26d3bd1/library/std/src/sys/sync/mutex/futex.rs
fn=<&std::io::stdio::Stdout as std::io::Write>::flush
32 10
90 20
fn=<&std::io::stdio::Stdout as std::io::Write>::write_fmt
32 22
90 44
fn=std::sync::once::Once::call_once::{{closure}}
90 2
fn=std::sys::pal::unix::stack_overflow::imp::drop_handler
32 1
fn=std::sys::pal::unix::stack_overflow::thread_info::set_current_info
0 1
32 1
fl=/rustc/e408947bfd200af42db322daf0fadfe7e26d3bd1/library/std/src/sys/sync/once/futex.rs
fn=std::io::stdio::_print
82 22
fn=std::io::stdio::stdout
82 10
fn=std::rt::lang_start_internal
82 1
fn=std::sync::once::Once::call_once::{{closure}}
82 1
fn=std::sync::once_lock::OnceLock<T>::initialize
82 1
fn=std::sys::sync::once::futex::Once::call
0 4
62 6
141 33
144 6
145 6
146 11
154 5
155 3
172 15
174 2
178 3
205 24
fl=/rustc/e408947bfd200af42db322daf0fadfe7e26d3bd1/library/std/src/sys/thread_local/destructors/linux_like.rs
fn=std::sys::thread_local::destructors::linux_like::register
15 9
40 2
42 10
fl=/rustc/e408947bfd200af42db322daf0fadfe7e26d3bd1/library/std/src/thread/current.rs
fn=<&std::io::stdio::Stdout as std::io::Write>::flush
34 20
fn=<&std::io::stdio::Stdout as std::io::Write>::write_fmt
34 44
fn=std::rt::lang_start_internal
34 2
108 1
fn=std::sync::once::Once::call_once::{{closure}}
34 2
fn=std::sys::pal::unix::stack_overflow::thread_info::set_current_info
194 2
195 4
221 4
fl=/rustc/e408947bfd200af42db322daf0fadfe7e26d3bd1/library/std/src/thread/id.rs
fn=std::rt::lang_start_internal
53 1
fl=/rustc/e408947bfd200af42db322daf0fadfe7e26d3bd1/library/std/src/time.rs
fn=std::time::SystemTime::elapsed
660 591962
661 761094
662 507396
fl=???
fn=(below main)
0 12
fn=???
0 541
fn=__cpu_indicator_init
0 367
fn=__rustc::__rust_alloc
0 36
fn=__rustc::__rust_alloc_zeroed
0 4
fn=__rustc::__rust_dealloc
0 36
fn=__rustc::__rust_no_alloc_shim_is_unstable_v2
0 40
fn=__rustc::__rust_realloc
0 24
fn=main
0 15
summary: 175955699232
